Gene ID	1442plasma	1874plasma	3399plasma	3701plasma	4353plasma	4370plasma	4395plasma	4894plasma	BALL10	HD1	HD2	HD3	HD4	HD5	HD6						
LOC124904086	0.551936505	2.627922276	-0.133972162	3.461320547	5.083145459	0.061910942	1.299050161	-0.399149995	4.448427709	-0.002612117	0.05814193	0.251776009	0.257288321	-0.133663612	-0.287699514						
DUX4	3.734691139	0.004040574	3.216514334	2.305965744	1.630761031	0.292938875	4.53825609	0.323685641	2.843481177	0.233794717	0.289458998	1.274892659	-0.026915149	0.691975056	-0.287783516						
LOC100533997	0.513940969	-0.250417723	4.336511969	2.433314933	1.240460245	4.390947468	0.342953079	1.59402164	0.530395599	0.691618638	0.045223082	1.085959666	-0.284255901	-0.130621798	-0.597216486						
LOC107987393	2.880415188	1.695889759	2.502203385	0.44490977	0.719649096	1.751753565	0.152402096	0.53435283	0.360507527	-0.137360275	-0.099550088	0.03956901	-0.311310908	-0.216029277	-0.481932657						
GHITM	1.738553871	2.686257712	4.564846203	0.227953237	0.149001102	5.178298405	2.730154437	1.983469613	1.474580644	0.268515083	0.331301301	0.533263961	-0.038918941	0.133909885	1.232213763						
NEPRO	3.948166995	5.077156822	0.203196283	1.627928137	1.903965522	2.467641337	0.683494542	2.069270305	2.576363752	0.330268371	0.389825849	0.583025001	0.534936074	0.779731916	0.621775409						
NME5	0.525706793	1.346356176	3.46812727	0.651159234	-0.045229493	0.79674434	1.769358605	1.957481209	4.02802564	0.047481848	0.096771085	1.076799796	-0.187230014	-0.056817643	0.264766218						
PIK3IP1	0.659778138	2.211326332	4.695381904	0.09745101	0.022478242	4.606424212	2.326320514	1.798424825	0.655682642	0.820373496	0.19553937	0.386819335	0.729958963	0.008146597	0.475545754						
BTG1	2.653865843	-0.039257515	4.642880617	1.995728128	2.591420922	4.380584485	1.441309628	0.298711459	0.107469622	0.878176293	0.970691487	0.461738755	-0.074626191	0.682790048	0.173167244						
PSMB5	0.131800487	2.559316771	-0.357960698	0.947672355	0.554286994	1.551558451	1.65931108	0.381814416	0.204042862	-0.290837498	-0.258469377	-0.117012943	-0.4380336	-0.357807941	-0.341777424						
LOC643327	1.271868509	3.53815843	-0.191303248	0.511984344	2.038647998	1.094272525	2.866496706	0.788396329	-0.175442515	-0.097464027	0.646794424	0.092812956	-0.307339587	-0.191086528	-0.021340254						
SNHG5	0.333153882	0.93066384	1.707519469	2.350782798	1.93659584	1.686518278	0.959968051	0.110261419	0.395112012	-0.053321263	-0.022472867	0.087785769	-0.189357615	-0.116102725	-0.108059838						
WNT8A	1.573274406	0.978566442	0.218557359	0.705727393	1.64036547	-0.212691537	0.026096121	2.597925264	0.604231899	-0.248152542	-0.214786471	-0.08283705	0.034929252	-0.317332389	-0.546939926						
HNRNPH3	0.759559947	1.148055425	4.89449755	0.205732789	3.928247444	3.965637625	0.599418854	2.367866766	1.145340902	0.244587376	1.001546074	0.499061166	-0.048616141	0.11582523	1.285678373						
POLE3	0.451860801	1.600301745	1.296104024	1.240957986	-0.031429414	2.988337775	1.108858496	1.32868467	2.750880536	0.037722449	0.075333467	0.201417808	-0.132785685	-0.039916623	0.271201393						
LOC105372461	0.46125682	0.642592533	3.876046376	0.591849994	0.485053323	3.436888985	3.009841505	0.110435094	0.495321453	-0.031524251	0.018609246	1.022702224	-0.272601286	0.464806692	0.011587768						
EIF2B2	4.239505601	2.934611713	0.030335593	2.187628551	1.715859102	0.1933315	2.224757234	2.153438221	0.048728911	0.138926765	0.874076686	1.162681627	-0.104944095	0.030587048	0.152735075						
MCM7	2.381491705	0.682339962	3.782942666	3.462562754	2.678929136	5.804860961	6.016775163	1.790536597	5.348200813	0.985917267	2.035807938	2.737139929	1.074272279	1.685456056	1.445548932						
LOC105377803	6.552457102	4.756089983	8.843254886	5.825684231	5.411168824	9.228452387	6.647955232	4.09400852	6.002316836	4.796769018	3.807347584	4.591695383	4.580240086	3.946532576	3.952377621						
XBP1	0.963306897	1.514274127	4.897056209	1.738246809	2.334378568	5.837050773	1.668196967	-0.017394062	3.495002505	0.420216128	1.615640343	1.993997908	1.219137254	0.274904622	-0.303441123						
H4C3	2.573433182	4.53868069	6.165488345	3.507906573	3.891528801	6.628785413	1.656894839	3.722409472	3.959143235	1.734276691	1.286263464	2.158231166	3.158402812	1.86058388	0.954275753						
BUB1	5.720108	2.218075563	2.344768815	3.770108563	2.995481628	3.514995674	2.599306198	3.163942538	5.539798591	1.555694722	2.556884884	1.30480429	1.642206131	1.357348194	0.987813417						
WDR31	2.221344089	4.27028906	1.200096084	1.341237977	4.461279164	4.006912399	5.967636273	2.787603265	2.57579348	0.827439552	2.202849389	1.118496536	0.501765369	1.828228276	1.674157575						
GPR50	0.681549857	2.102725898	4.770306281	1.200132463	2.097062707	3.934593316	0.511879861	-0.170486094	1.374658459	0.181181928	0.237015946	1.231416389	0.413055281	0.65175303	0.652649727						
LINC02127	3.195217883	1.522062363	4.435089687	2.775759334	1.294423376	6.319130154	0.828791434	0.458567217	0.90761047	1.826309688	0.497237204	1.50409978	0.607176284	1.267411143	0.508028477						
MAPT	9.739959328	7.660353848	10.80182625	9.069702935	7.947815751	12.39342142	7.284630466	6.690684077	7.8661927	7.256052409	6.985385672	7.306885436	7.646036145	6.644584828	6.26550909						
ZNF124	1.369939126	5.559879985	3.820718167	4.588644302	1.572845118	4.692644036	2.801325907	2.135811177	1.585850044	0.820439377	1.887971904	1.104449737	0.944161998	2.033463218	1.426983386						
CHURC1-FNTB	6.952381861	5.049924279	7.026206448	4.183971362	3.336725667	8.40005401	6.569984983	3.097196264	5.177648939	2.42281066	4.034083975	4.676085384	2.720547096	2.22751352	3.46668269						
CIRBP	7.424370396	4.105803926	5.981685663	5.915153524	5.350334716	6.399187684	3.578803047	3.971416557	5.924683351	3.066227853	3.860360746	3.935523416	2.141006976	2.412810689	1.608672581						
RTL9	0.681481625	0.824704737	4.446525658	2.246398769	1.066882532	3.692811664	2.287898349	0.303051364	1.079366851	0.199648446	0.253033633	0.426929382	0.763651507	1.042263248	0.377211174						
HNRNPA1	1.384964004	0.689425994	3.166994695	1.029545204	1.18228756	3.280109662	1.703039601	-0.175587802	0.921424189	0.076186544	0.11847204	1.040278564	0.325469275	-0.011915621	0.137157867						
RPS3A	3.479712313	-0.009457199	3.542223426	1.192394589	1.923727282	3.855648213	0.51735887	1.85025753	0.11592429	0.845140342	0.931817515	0.428657186	0.765600071	0.09758671	-0.012439837						
LOC105373897	1.474606195	2.049930896	1.600997612	0.804033776	0.721713389	2.250772209	1.753672974	2.109384935	2.018934507	0.329688344	0.917027753	1.156365864	0.188419017	0.263892788	0.066248529						
TCFL5	3.407056033	3.550447772	2.21507926	1.304686417	1.552966759	6.496745428	4.274158343	1.4823329	3.871119529	0.776284514	0.84728967	1.078516988	1.473919743	2.859860768	1.396964984						
LOC105375990	3.947167073	1.407139798	0.180515519	1.618674341	1.703292472	2.617048977	5.081678416	-0.072781026	2.351938265	0.309160407	1.493101578	1.359693	0.859347242	0.180815309	0.442634295						
LOC101927226	8.115079069	6.731320305	9.174967993	7.192036601	5.483499419	9.029921816	9.010226338	5.439450217	6.369214464	4.854205324	4.920073981	6.209018905	4.305191531	5.372509543	4.431266101						
BTG2	6.926653148	2.431069817	5.116340153	1.409267689	3.708424457	5.352804915	2.091532423	1.568452243	3.00849192	0.894716802	1.575777903	3.794274654	0.986816693	0.734227114	1.004467429						
POGK	5.20529216	4.425813665	4.628010231	4.354013498	3.033821814	4.999565289	5.473239325	3.066597833	3.248171213	1.442068155	2.003584259	2.996583871	2.419317695	2.026269691	1.875902946						
SNRNP35	0.94553356	2.768968543	4.522094833	3.374860242	0.917086599	3.801217511	0.817152245	2.965627757	0.927476787	1.081669893	1.890015148	0.719834327	0.214337909	0.361223871	0.871558692						
LOC105378798	5.303231656	2.473836576	1.839197657	3.367481005	2.27688968	0.906919693	6.171046605	1.329815573	3.886537799	0.832334082	1.509537795	2.289944103	1.51302422	1.83979672	2.146129643						
FBXO46	7.005839699	4.944265226	6.996434645	4.296403628	4.548781958	8.381744046	6.907905551	1.982212438	5.326456365	2.513524888	4.705666237	4.637236322	3.29490893	2.325563763	3.796744619						
LOC124902929	2.715459243	3.372963539	2.73367961	2.007695974	4.011506978	2.934332753	5.410507117	2.147147647	2.421305485	1.432719815	1.522383493	1.150016428	1.307465626	1.839721543	1.382794431						
SH3BP1	1.259674503	0.875906048	4.588128867	2.161271947	4.010243597	1.39797818	6.375261707	3.59115737	1.118446869	0.684773484	1.81377737	0.984927288	2.57968441	1.083278564	1.852736568						
RPL35	1.196753731	1.661500099	5.123622858	3.275260317	3.556668237	3.855199948	1.058226143	1.404858684	3.66760987	0.690471527	1.361317622	2.45555348	0.841703231	1.079613582	0.751571631						
CAD	1.620374888	4.434728995	4.688086454	2.722193079	2.691619887	4.225032147	6.211775606	2.53496146	2.939108939	2.949860645	1.112257964	1.339795923	1.665824375	0.898240102	2.310230736						
TUBB	3.447327066	3.596672696	5.683419241	3.998636746	4.533909924	5.969816547	2.842502961	3.852864552	2.61205914	1.840014165	1.932634412	2.646284127	2.076327567	2.956930553	1.524238338						
MYL12B	5.027565675	0.200724908	2.231559908	2.123584376	2.123872921	3.769683364	0.796035304	1.529272135	2.622162661	1.063262007	0.504519798	0.695739986	0.634748508	1.746327967	0.961882781						
MIR193A	8.293473913	10.59762452	12.49065704	8.714256857	7.857567206	11.75661304	11.28169813	7.29447978	8.44119776	6.909265034	7.525234591	9.461092694	7.41842775	7.58140409	6.454157648						
PRR29-AS1	5.776908671	3.276387497	7.413971578	4.919004369	3.834977703	8.793840247	3.063878302	1.39598004	4.271282025	2.0234421	3.155013023	3.155996621	3.319874503	2.742933329	1.362612137						
NUF2	5.25120079	1.7353954	2.642467557	1.091531	3.084098706	0.609012926	2.214746062	1.301497772	3.838182162	1.150040224	1.241623094	1.546562012	0.716558999	1.600560279	0.632765496						
H4C2	5.959681322	1.38926237	5.190742951	4.169403083	5.75076647	7.181103156	6.08065586	3.353597688	3.441695679	2.706715326	3.921753855	2.927292105	3.239468159	2.957638746	1.660721236						
ANP32E	1.151759264	3.876519826	1.409643705	3.618875179	3.214663328	4.105043677	3.43524564	1.387258822	1.445808115	1.248844333	2.018712162	1.624238971	0.850093911	0.577556675	0.43246686						
NBPF10	5.970590977	4.754839621	5.085201083	4.561627789	4.931089609	4.455399477	6.851231621	1.269783621	3.921589672	2.894941334	3.016169546	3.422226341	2.597207019	2.801785044	2.321068741						
TMBIM6	2.1170764	2.566379212	5.890339299	3.545569375	2.340510097	1.821204225	3.421571347	0.725395556	3.372912879	2.740284734	0.790080667	1.004098657	1.181437967	1.112669148	1.265424386						
NBPF19	6.222978837	4.49634009	4.799896699	4.424362041	4.229663465	2.048176026	6.637690728	1.817231869	3.206783027	2.933653653	2.87932833	2.757093938	2.574520859	2.298049815	2.44729707						
NBPF14	5.871550289	4.67375779	4.943161964	4.183828676	4.447416989	2.93291738	6.852093173	1.676338603	4.012843609	2.33793228	3.398731411	3.335883278	2.37036319	2.112292327	2.339797955						
LOC124905415	3.077286964	4.027024891	6.737789535	3.242338638	3.067155243	5.036587657	4.505410662	2.435347941	3.759945373	2.399939566	1.339461572	3.687692606	2.022112879	2.15048592	1.021285403						
ZNF853	6.951895631	5.734909729	9.185162911	5.844928346	4.792197111	9.391867467	4.622838233	3.993248938	4.593691783	5.023895749	5.210228015	5.154154336	4.836564743	4.937240037	4.845416145						
LINC02941	6.356277045	5.427262364	8.836595905	5.388612341	4.607778918	9.032412749	3.967203264	3.830354228	5.020642735	4.454993541	4.658321569	4.530828216	4.852657398	4.769210818	4.711387583						
H1-10	3.351203392	2.394493988	3.247845241	1.080965907	1.334716579	4.904206958	2.812678555	0.5942035	1.841964576	0.543700584	0.600746954	0.788570502	1.27560224	1.798704352	1.224936749						
H4C5	5.191814154	2.550916712	6.623270697	4.431644025	5.765430876	7.761418644	3.992043975	3.865604932	5.142419139	3.711589443	3.343363057	4.064616402	2.861910078	3.74992561	2.123353358						
RPL41	1.647664498	0.933034685	2.366000528	2.358364408	2.39885611	3.873153683	0.653496048	1.398250111	1.808390751	0.380360663	1.031377307	0.573521041	1.289802308	0.288606655	0.396028301						
CCDC66	6.233539632	2.76080249	3.633285921	2.251557124	2.889474844	3.169752952	5.156243546	2.982056775	3.94120511	2.326496391	1.792920151	1.477915116	1.95576299	2.607157919	2.302814556						
STRAP	2.403612999	1.118323367	2.240638929	3.096551114	3.109622733	3.996854702	3.324899409	0.921910138	1.010551901	1.154391921	1.628725672	0.812632283	0.770590673	1.3201091	0.366909248						
SARNP	6.964331997	5.130583694	2.366092242	2.336391144	1.935298911	4.801009401	3.952767928	3.341241834	3.936224881	3.348947334	1.884273646	2.621909015	2.756035194	2.16132546	1.658093047						
DCUN1D5	3.468107261	2.301039904	1.908926982	0.933480568	1.938279619	1.951161344	0.69620576	0.794119373	2.929642838	0.979920498	0.505215284	1.310432266	0.914247599	0.405079428	0.509228953						
ZC3H14	5.770194704	2.835888382	3.605093078	2.119164869	1.097568595	0.749765206	1.067958528	3.617535901	2.899074738	1.273312593	1.778666128	0.956810644	1.59551352	1.438240324	1.881090673						
JUP	6.788487893	4.237262933	7.444188495	4.83220661	4.180542169	7.445187379	3.607548847	3.244427573	4.198418446	4.609804705	3.383943659	3.124204204	3.690149633	3.635788749	2.452567865						
LINC02237	4.457970427	3.723163758	3.888346767	2.961140946	2.153036102	5.716388364	4.426304803	3.231266042	3.638304612	1.265560374	1.329740022	2.559915278	2.006638382	2.63766298	2.295278866						
RNVU1-19	5.98220978	4.793446674	8.291663068	4.426789892	3.266337693	8.116948586	7.018274109	2.591931996	5.184900111	4.815596768	3.972034706	4.791858964	3.970921699	4.457559965	3.271514427						
PIK3CD	6.993945853	5.922370582	7.722108886	4.880587377	4.748277311	9.061393917	7.221861126	5.3498486	5.830029397	4.72119062	4.671244551	5.041707749	5.122969908	4.755395948	4.427791836						
FOXL1	5.312571327	1.279837988	5.162596281	4.070594158	2.989740856	6.099242837	1.575091298	2.034204456	3.359778842	2.31173307	2.849042544	1.451575272	2.750650881	2.0618724	1.891072873						
GPR173	5.395561432	2.669742809	1.446068456	2.106596868	2.936403548	3.072357591	1.83969426	2.205665535	2.6763176	1.285127475	1.375057794	0.96989938	0.43121408	1.712254973	2.066489385						
HLA-B	6.38884299	5.416363722	6.305553115	4.89252749	5.030700058	6.418636411	7.403101429	3.267719666	4.405479012	3.778425882	3.67119493	3.758220426	4.187004598	3.686614608	3.290211042						
HLA-C	6.168005873	4.81870963	5.929900481	4.248261423	4.816154568	6.005146725	8.465380791	3.032407733	3.239167079	4.562690565	4.037110229	3.460940618	2.43384397	4.505747185	3.629666697						
RHOJ	6.548730028	4.439926057	7.543992223	5.552065663	5.197342752	8.878010225	3.261316482	3.905579857	5.435207297	3.189976602	4.367653074	5.232521421	4.092457887	4.136607464	4.829079674						
FBXL19	3.172427822	7.332532003	2.884446765	1.797936075	2.460421337	6.03928818	5.100209659	2.95332528	3.34998212	2.479685691	3.172590802	3.770991625	2.623930357	1.654523086	3.206226864						
LOC124904145	8.821330467	7.152064135	10.16084656	7.459693326	6.918007075	9.887252788	9.721316848	6.128243531	7.101706125	6.682356561	6.065182884	7.280017447	6.653552221	6.13872873	6.037677582						
PLA2G2C	6.824485636	4.310770265	4.932617172	3.560629964	5.523537784	5.329364713	6.540583525	1.200903287	2.2195927	4.437767104	2.990202867	2.496847661	2.883461526	2.181890441	2.763937761						
CALCOCO2	6.685531202	3.95442274	5.737011891	3.606037372	3.69155522	6.351725991	5.601568995	3.997784536	4.693755335	2.849145672	2.960041998	4.039985155	3.049204926	3.310089254	3.416655379						
LINC02073	4.832669335	2.713608554	5.714482685	3.418419933	3.563110198	7.002113374	2.471312456	2.682531336	3.34802824	1.385193053	3.550030381	3.443829509	2.400840428	2.440059688	2.890642231						
TMEM26	7.36122321	2.657151139	4.025239443	4.143692167	1.925070654	5.140725291	5.966423749	4.375654847	4.565244731	2.676595523	3.336873409	3.183186429	3.827778663	1.903248103	3.612808268						
MB	3.154767226	3.959391396	1.661584211	1.552217704	2.773299379	2.015699075	4.44681928	1.662072562	1.440371832	0.698956358	1.329541789	0.923342972	1.55660892	1.070135565	1.827540245						
TRC-GCA2-2	6.016144318	5.278520807	8.698950255	5.54494176	5.281736043	9.248630551	6.69404217	3.362682035	5.420622843	5.044315706	5.144825871	5.708906639	5.284650251	5.342952933	3.913290377						
NBPF20	6.905808214	5.854805358	6.147270731	6.015987784	5.338071169	3.968421122	7.779917938	3.576287675	4.074469245	4.100553892	4.894242676	4.135861303	3.427372679	3.749571076	3.707614804						
TRT-TGT4-1	6.195853935	4.673119474	8.146195056	5.951277265	5.085626758	8.741845946	5.746327243	3.049465692	5.974151071	4.90918548	3.9187527	5.148880953	5.418796468	4.723565973	3.875558394						
LOC124904139	8.318593204	7.11802778	9.346568872	7.098432237	7.094773018	8.971288721	9.35308959	6.37673747	6.778618165	6.184995284	5.812859832	6.613305899	6.500912422	5.886396633	5.431171706						
CLSPN	5.799814762	1.983373324	3.773909504	2.745324568	2.058606161	4.356724858	3.241582016	3.936871176	2.731353847	2.003918576	2.388164996	2.464013147	1.226487101	2.031873916	2.38730431						
PDE7A	10.50387817	7.483039438	8.270939486	7.376267961	7.512768399	8.111115139	9.707077463	7.452549639	8.487328461	6.732376369	6.953479112	6.878811367	6.009014723	6.187473738	7.165898291						
LOC101928166	3.68426726	4.158292981	5.57320444	3.574514925	5.508080015	4.721308807	5.794710227	4.395180889	4.477873978	3.662176418	2.819159433	2.915739438	1.74808239	3.535242898	1.833823435						
LOC124904138	8.538984174	6.942215558	9.395047536	7.074472843	6.855908752	8.834805436	9.405483879	6.181952589	6.714518311	6.024027489	6.064530787	6.748111859	6.477657482	5.836804634	5.376222859						
ARFGAP3	6.610083429	3.758100632	4.990858414	4.388716505	4.814367355	4.858640257	5.884993418	3.905999704	3.055737384	3.27802124	2.63394715	2.982937605	3.214536882	3.592263743	3.000169928						
AIFM2	6.407580211	3.770097888	5.448847288	4.138161774	4.294860693	5.199968228	1.915163656	2.876883515	4.153735445	2.757435728	1.556947215	1.789110997	2.179126832	3.051301148	3.936520494						
CTBP1	7.749235096	5.93058459	8.71967196	6.661576155	6.120925862	10.12014451	5.892489942	5.757838726	6.908163582	5.934138906	5.905594071	5.476897789	6.400841164	5.626513141	6.119704753						
WDR74	9.944746181	8.207587259	11.82255656	9.3035257	8.544178	11.77231708	9.402050333	7.692903109	8.471471969	8.512204016	7.766065387	8.657318026	8.328323804	7.902954444	7.445709633						
RNU2-1	8.592451587	7.062656852	9.331542076	6.929386008	6.985163961	8.897111074	9.302838828	6.230882498	6.587187612	6.415984123	5.80790262	6.634367381	6.48950028	6.043190942	5.374734581						
LOC124904140	8.405014929	7.009611307	9.385707863	7.056282466	7.095426437	8.91440073	9.422119142	6.293122215	6.813336695	6.3787849	6.003236121	6.71875453	6.645039022	5.815970739	5.330562223						
LOC124904144	8.447388028	6.987879251	9.301920924	7.278840887	6.805709864	8.845925093	9.449082771	6.257925594	6.613758788	6.245220805	6.150433391	6.711918986	6.411694204	5.944275141	5.494670381						
H4C8	1.868730569	4.028986487	5.109435439	2.069885203	5.133737906	5.606172388	4.042868417	4.002275903	1.952550026	3.315271528	2.516397481	2.903100892	1.856276989	2.358263474	1.087415156						
STAG3	5.768113184	2.862595524	4.20108317	3.298217001	2.040424843	5.081617171	1.503851335	2.10738109	2.841115304	1.625337649	2.374432459	3.012133663	1.892283526	2.013287813	2.195850157						
CAMK1D	12.72450844	9.949804778	10.39105205	9.637499953	9.667370139	10.15853258	12.31983627	9.853568098	10.67962621	9.149368495	9.263824001	8.903928044	8.905539348	8.944534439	9.261550015						
TRQ-TTG3-1	2.813024469	4.214925373	4.771221397	4.222637789	3.314714602	7.068709072	5.193794907	1.420394267	3.838549353	3.48079351	3.249702003	3.519208124	2.359077877	2.841806058	2.656298668						
GSKIP	7.528517244	6.820035134	7.569811962	5.37414147	5.220974799	5.653778686	9.045273991	4.662480545	6.609614781	5.526161886	5.176127758	5.641365749	4.706003315	4.899418235	4.902143356						
RHNO1	3.442318662	2.081208002	2.334107126	3.947905428	4.94421037	2.724449605	3.687710838	2.419599342	3.530403683	2.414898437	1.677680424	2.38117397	0.830776093	1.414394075	2.241696006						
LOC124904135	8.538222466	7.062647035	9.358731404	7.031729707	6.863267408	8.726074695	9.34507921	6.203074086	6.732567781	6.252528175	5.696059705	6.854159579	6.595122196	6.10168329	5.062773105						
LOC124904142	8.598978819	7.072412148	9.38026554	7.09103167	7.029323004	8.95847206	9.449882334	6.424381968	6.671240079	6.465242904	6.079696586	6.90992505	6.585293505	6.095613584	5.439863337						
UHRF1	3.4128183	5.596247747	3.571007779	3.781766474	4.861962724	7.350693932	5.116928798	3.369398056	3.363406836	3.103825113	2.592855376	2.949762274	3.497989784	3.84200399	3.925976577						
LOC105371237	7.527280207	4.843231204	4.254490846	5.428047509	4.647402042	7.007017416	7.208131838	4.872949071	4.996767962	4.799047814	4.693006511	4.051431201	3.733736858	3.957354935	4.134134962						
LOC124904146	8.438218411	7.121866677	9.329934298	7.111562616	6.941716011	8.814588702	9.425718462	6.340323493	6.746397326	6.60098986	6.010687821	6.814411106	6.417653348	6.096998542	5.385121899						
LOC124904136	8.531599336	7.106103824	9.379550477	7.013224714	7.062739113	8.871056219	9.352054938	6.275547202	6.608944222	6.42227633	6.041561121	6.75115817	6.575105722	6.305337691	5.4545941						
LOC124903830	5.97922933	3.720841138	3.602046686	2.556889089	3.567254134	4.813712845	5.798492341	3.476505426	4.411274	2.625682866	2.734837243	2.825388068	3.007446192	2.872124105	3.200265626						
LOC124904141	8.378989483	7.043952037	9.405112963	7.110068675	6.859445321	8.89070623	9.436793411	6.318460672	6.716054527	6.481257755	6.062651032	7.027345398	6.535372913	5.882042208	5.367772827						
ANTXRL	6.048498839	3.182153076	4.10369405	1.362837005	4.100765936	4.318216176	4.829283207	3.98349964	3.026301625	1.88163219	2.321080478	2.674092632	2.262415631	2.864763299	3.282110129						
PPP2CA	3.910356082	4.915292076	3.392169544	4.298068399	3.426445776	5.20252751	1.79953059	4.507505023	3.443453082	2.989735171	1.967538738	3.376466641	1.478354545	2.228117278	2.289445639						
FLT4	4.749614061	4.719323796	6.8060842	4.535231533	5.791365826	8.114750428	6.244138249	4.893161167	5.272880926	3.685285405	4.713946827	4.841457898	4.401563376	4.219042638	4.192212553						
LOC124904137	8.432393119	7.093666563	9.361808883	7.032491911	7.112477686	8.935035374	9.288491587	6.33908992	6.693307921	6.47266344	6.217930643	6.861439529	6.422947037	6.165248176	5.414176277						
LOC124904143	8.357726251	7.095811632	9.365896644	7.059311451	6.891180506	8.927354412	9.286474833	6.343775289	6.743486486	6.717306665	5.82691888	6.874181712	6.430235878	6.02719144	5.501590322						
ARPP21	4.955692494	4.913119296	5.330714083	5.063884981	2.807443425	7.123042298	4.513277629	3.659294666	5.225748222	2.833187443	4.640976767	2.692215826	3.463035877	3.298468726	2.988615514						
TNFRSF1B	4.423486475	5.958656703	7.074519491	4.983367542	5.655858839	7.837475755	6.430075388	4.410690403	5.314124022	4.648534186	3.95518675	5.079824974	4.142946516	3.845350013	4.394448398						
EEF1A1	4.825325238	3.219559613	7.238816736	5.327365969	5.353528123	7.281873244	3.365212682	3.160877866	5.391515169	2.717701305	4.183808895	3.837298722	4.102180442	4.624999207	3.456426758						
FAM182A	13.88538808	11.14615023	12.49035954	10.79837968	11.14042808	12.47914149	13.18734778	11.02266781	11.75963173	10.41682598	10.61204352	10.81853873	10.20387152	10.27717135	10.48734352						
CCND2	1.889243843	2.742205029	6.103164557	3.23426094	4.468463061	4.633297188	2.379554508	4.00552617	3.421817707	2.626893439	2.747917713	2.613531258	1.661796612	3.031138091	2.625523479						
LOC105376959	3.636692201	3.871199131	5.336759382	2.845585392	2.929417934	5.396825878	3.338519089	2.337491817	2.70268792	2.130628846	1.881974836	2.881055117	2.63446192	2.513991335	2.449492359						
CDCA7L	7.564238785	4.886688239	5.377735823	4.680693568	4.493909886	4.130851053	4.085218916	4.517519734	6.180789935	3.985229269	3.837382357	4.016530346	3.254506685	3.614918079	4.218744651						
PDAP1	6.310230604	3.846934525	7.733580424	5.190180888	4.190471741	9.151849248	5.078488665	3.175998725	5.281528513	4.34449678	4.192757879	4.227407702	4.152592371	3.677179906	2.036492047						
FAM182B	13.78596159	10.98702041	12.56475494	10.68553388	11.16530979	12.3242987	13.01325326	10.92779401	11.7929434	10.41969385	10.57590412	10.67212366	10.18765586	10.25980475	10.34110594						
TPX2	5.431168257	3.105689523	5.457237452	2.229176815	5.049200847	5.295384408	3.697280448	3.667832385	2.708024747	3.704725567	3.051082122	3.04177134	2.016748296	2.310664615	2.071491702						
PGM1	8.7580087	6.873961844	4.664427171	5.912599861	5.232384105	6.296228243	7.311102408	5.516455648	5.754320316	4.135261993	5.148159818	4.560262528	5.132952048	5.248490454	5.409522469						
SNORD3D	11.53703497	8.755485962	11.5804371	9.165915738	9.137282766	11.41624431	11.78607295	8.17360393	10.77666311	8.885370711	8.651393422	9.804066514	8.812740426	8.664983162	7.761132396						
LOC100132077	9.116786982	6.183597792	7.522729468	5.806847587	6.331193304	7.470993382	8.325019107	6.350536975	7.294794512	5.852419995	6.04457225	5.693898819	5.245431081	5.867927526	5.535038932						
PRKAR2A	6.087276562	4.185173388	4.276251485	4.063033533	8.207015279	4.037974281	5.855305677	4.578825614	6.063512763	4.419445091	4.83100253	3.56948099	4.205348235	4.32547143	4.16206028						
SNORD3B-1	11.54834506	8.852572772	11.65113178	9.297267944	9.215516097	11.4152884	11.7961553	8.19013924	10.8533838	9.043185138	8.680457025	9.795173065	8.838545493	8.835164905	7.819436673						
SNORD3C	11.48217194	8.834306207	11.64624967	9.288522925	9.212501596	11.38329225	11.78277438	8.275773389	10.85069216	8.895511825	8.817581549	9.802575098	8.786943964	8.769439596	7.850563018						
SH3TC2-DT	8.55616837	6.223388303	7.643341705	6.183359137	7.089492722	7.223980691	8.722013566	6.291251374	6.625741519	5.981988546	4.977763132	5.918934889	5.952955947	5.280215067	5.636508925						
LOC105374776	7.103353555	2.979551575	4.423831053	4.908040857	3.084688157	3.80108947	5.132524538	3.222942802	3.78536768	3.742590592	2.793572562	3.406805378	3.275246423	3.266430152	3.234245232						
NBPF26	5.04029105	3.543497396	4.432160678	3.4024749	3.854751713	2.254898147	5.421238386	2.525444316	2.716131645	2.612854033	1.389539291	3.499764608	2.198168494	2.362092555	2.18101336						
ZNF782	9.205580805	6.46889364	7.507450699	6.116071203	6.357797469	7.25275534	8.289054309	6.416260251	7.449306357	5.973865723	5.840133985	5.559837486	5.769669267	5.94771194	5.847141134						
LIN7A	10.21306697	7.423924104	8.534292387	7.463305057	7.724618478	8.77935997	10.05760435	8.103393601	8.66171904	7.237369965	7.220127704	6.815208019	7.049100325	7.213251747	7.160617174						
SNORD3B-2	11.50540779	8.865327998	11.59123684	9.247304299	9.222524473	11.40823644	11.74846048	8.071658646	10.79679564	8.875131248	8.807934744	9.800846797	8.852866135	8.932321096	7.854864375						
TRA2B	5.840002511	4.512527339	5.582798483	5.177791533	5.769528067	7.746160714	3.248628261	5.457065801	5.732272015	4.383124308	3.46170894	5.173496527	3.921277514	4.201749429	3.539672235						
PYY	7.599018095	5.342000543	5.02449931	4.480694893	3.884137722	4.919131715	6.479384247	5.491994935	5.583398021	3.558514425	3.380930563	4.651819403	2.580946266	4.67515455	4.586667177						
LOC105377273	7.157414252	5.3182918	4.971700356	4.474037549	4.656380711	5.594858133	6.607058464	3.797806526	4.639474225	4.83099826	2.193862852	3.701720722	3.814898725	3.861038483	3.937646012						
SOX6	8.665840614	6.580666219	9.378646788	6.641428065	6.258708198	10.11800148	5.898560197	6.450861355	7.977920796	6.459121073	6.20302055	7.187598623	6.352400306	6.866189547	6.210392342						
QSER1	6.280794682	5.151382272	5.267747305	3.834583393	7.703671924	4.957198994	5.359186505	3.680872134	3.842118472	4.573639716	3.745382048	4.507834002	2.783832707	3.930313737	4.226720919						
LCK	9.790797963	8.032532097	8.41843074	6.954651046	7.59373176	8.543073881	9.534313287	7.133155051	7.941027235	6.306279705	6.189231208	7.590370216	7.059794286	6.564833493	6.211435623						
LRP3	3.610398241	3.10215431	5.07538092	5.022114346	3.831262431	5.684832577	2.038615887	4.40472753	5.223256098	2.077117732	2.952896061	3.702414229	3.019949372	2.588360516	3.280790756						
LINC00836	6.038470348	3.073432755	3.352245351	4.141094306	4.872297376	5.110187706	6.230975711	3.405597236	5.308820205	2.982878982	2.899484336	3.681598465	2.695580645	4.032443683	3.572046644						
LOC101928437	12.24454987	9.714206624	10.09331245	9.471915006	9.647476614	9.789600744	11.63327242	9.338065197	10.32150949	9.23529353	8.754004875	8.89945478	9.142933061	8.614055773	8.704838664						
SNORD3A	11.65281376	9.017285008	11.7497005	9.604986966	9.348768407	11.45413846	11.89296077	8.335583176	10.83877994	8.946650656	8.847806012	10.09885937	9.137372604	8.988351672	8.021933141						
PRDM6	8.871272648	5.286131801	7.300990408	5.715379117	5.231321869	7.120115032	7.616217435	5.830018931	6.907632348	5.437213992	5.642131511	4.234518592	5.919251777	5.897308112	5.03786645						
TMEM138	6.398151927	3.132239518	5.263941944	5.121395029	3.857358218	6.22467353	6.942206896	4.94255783	5.301569013	3.860762346	3.654660529	3.531031418	4.020652649	4.647784149	3.98499297						
LOC105376850	8.772126912	5.102932461	7.027162552	5.267275907	5.941721963	5.990814449	7.037065762	4.915841134	7.014229102	5.51146421	5.161345409	5.578096975	4.899944531	5.303659699	5.035769353						
RUBCNL	6.742164252	5.848020145	6.618162813	5.234046807	5.521259938	7.203436431	7.359411619	5.331152103	6.560559327	4.863002406	5.139374765	4.945167455	4.946876158	4.74237725	4.2705338						
LOC105370265	5.842871172	4.613037945	4.777895019	4.857303973	3.279698538	3.769374565	4.558084022	4.116942066	3.086733401	3.039595556	2.786600189	2.512215524	2.59189755	3.572032172	3.332251254						
ZNF594	3.357208866	2.731182835	1.939131523	2.411382378	2.772582209	2.869380351	1.856672366	2.113957039	3.132839708	1.712324681	0.944631789	1.090463834	1.492662978	1.752237795	1.642775741						
ZNF600	7.437514217	5.717529037	4.863407887	3.673274106	3.922989786	5.016000132	6.219671093	4.252385993	5.778807792	4.378452905	4.16794759	3.524040548	4.727365175	2.989649379	4.162776919						
MSH3	14.8571425	12.33924858	14.61994938	12.4000188	12.23136383	14.62888808	13.72387124	12.30682876	13.06422328	11.7226949	12.14133684	12.75717659	11.79420071	11.90325674	11.89517359						
HEATR4	5.214468314	5.741270941	4.579997287	3.686450809	3.514258155	4.528812834	3.341535647	3.189366191	4.349380103	2.65588914	2.516092744	3.711321269	3.357133498	3.022349782	2.563742341						
ARPC2	3.913700864	2.711162583	4.311114165	3.867430089	3.110608151	4.422362161	4.178168328	3.312367982	4.737586225	3.254767828	2.605271574	2.970904032	1.800834781	2.456710007	2.117440248						
BTRC	7.366620017	5.754187567	8.814063995	6.201989685	6.043421778	8.68373535	7.800381511	5.546603818	5.752991083	6.147883144	5.680047611	5.887220321	5.943212462	5.483549876	5.744132915						
TRD-GTC3-1	8.885891828	7.805836191	10.91904745	9.305551549	9.342967656	10.88535386	8.562112886	7.057422939	8.385665655	7.713455368	7.627992946	8.25310237	8.047561101	8.481866665	6.605259256						
CNIH3	11.49515772	9.445358257	10.04757074	9.162427565	8.534176433	10.2794743	10.48718955	8.8002531	9.623647262	8.895838071	8.386430818	8.340499457	8.32022648	8.339893547	8.06682162						
TRA-TGC3-2	6.367988989	6.150870186	7.300307588	6.611788584	5.83427348	9.215695419	7.316388182	4.77105381	6.64021977	5.000445513	5.509464972	6.182671118	5.997656881	5.880922814	4.846543694						
DCUN1D2	6.597666021	4.754516803	6.323723853	4.56945225	4.343029073	5.606760157	6.009062	4.615766626	5.706164982	3.787449289	4.854612893	4.642583735	3.9183716	2.872940665	3.151419695						
LINC01446	6.210401093	5.444699664	6.998796181	4.502215791	5.331750512	5.074872889	7.383030442	4.68656718	5.616525386	4.878736189	4.73113263	3.745846144	3.979014249	4.688310346	4.534731867						
RNF217	6.344874611	6.379994344	5.502380224	4.859234711	5.880709355	6.084778531	7.947601964	5.588672798	5.437870732	4.979391001	4.7343399	4.592114591	4.723146187	5.181964288	4.927410231						
KDM1A	5.980663957	5.077458257	4.441627615	3.335274432	4.809581694	5.658535095	3.1900381	2.953472008	5.22292839	3.14916079	3.545467958	3.492646637	3.359200799	3.672361192	3.192761972						
KSR2	11.50365491	8.669893725	9.352413891	8.242523054	8.437003552	9.152294088	10.57031377	8.600728025	8.497542803	8.545004576	8.113440421	7.825013916	8.31602331	7.504619766	8.279040773						
KLHL4	12.01565572	9.521164595	10.4870452	9.531332875	9.597711571	10.61926224	11.49519525	9.218906328	9.974237069	9.318555964	9.016034981	9.283226632	8.818689253	8.90742142	8.740830614						
MME	4.882099632	4.831852009	6.532172049	5.022161418	4.989019988	7.588046784	6.259563337	4.899428989	5.370472718	3.552007109	4.130687259	4.660068947	4.866457331	4.92427844	4.14494365						
TIMMDC1	8.024746925	6.389933336	6.771020308	7.048417993	6.335427467	7.657689295	8.031510082	5.820826535	6.634406571	5.012205472	5.142227139	6.129645565	5.075770044	6.15384866	5.589713258						
LOC107984223	4.840464813	3.966525829	3.186199678	4.035868681	3.798977726	4.39303082	5.81937856	3.147578319	4.113107017	2.052522723	2.922745129	2.806140456	3.42239394	2.155863738	3.589481173						
RNU5A-1	8.36541429	6.096776425	8.790739609	6.566730446	6.351514126	8.545402177	7.032942533	6.12887386	6.089805613	5.30015963	6.089954243	6.360823539	6.497168983	5.821230343	5.629497765						
QRICH1	7.257839059	4.395903225	5.434863668	4.661794198	4.39143582	5.783913944	6.477862949	5.042996181	5.456255921	4.326279089	4.648548598	3.82363613	4.812348794	4.034923426	3.446159243						
MIPOL1	9.639360435	6.99377585	8.272364481	7.060174115	7.659565157	8.439626972	8.576660526	7.530905502	8.028948524	7.01170938	6.699990327	6.450547488	6.830639101	6.511021006	6.74543331						
KIR3DL2	6.650347202	4.482886858	5.261582399	4.513164719	3.907548357	4.934896929	5.730653446	3.747180533	5.392201769	4.027774431	3.801676981	3.16978609	3.146327875	4.104968189	4.084473449						
RUVBL1	7.760084752	6.980967005	7.968249389	6.043912864	6.206673075	6.387583025	9.137188904	5.42278334	6.225177258	6.210559665	5.893414602	6.314834392	5.68596405	5.80533702	5.299486563						
LOC105379380	6.243067625	3.78319492	4.734572349	3.966844892	3.653135349	5.144218012	5.749662116	3.928512829	4.096189919	2.830354477	3.128202675	3.994857869	3.49584791	3.374132871	3.776127658						
RFX1	9.459137507	7.269965579	7.810258171	7.050581184	7.444243697	8.202956837	8.620083092	6.805370093	7.744261342	6.800113964	6.688802209	6.451322619	6.636652098	6.349820708	6.353455203						
LOC107984326	7.37858032	4.963935679	6.566710172	5.09633587	5.252672807	6.690234395	6.903071251	4.880328716	5.62330025	4.785480484	4.820859407	4.583878953	4.827634908	4.812759384	4.66398343						
RNU5B-1	7.642695711	6.55234769	9.03065883	7.094374646	6.397393424	8.855780882	7.791659825	6.200558224	6.621798068	5.800410736	6.475144917	6.946292441	6.21762028	5.840906805	5.710008044						
LOC105370053	7.34704478	4.895296582	6.029524653	5.072717053	4.943371728	5.361673962	6.023766343	4.670301733	5.146661028	4.03744538	3.978477381	5.343818039	3.412953295	3.584541398	4.550378773						
AFF1	18.1985724	15.58635399	16.51303908	15.53584019	15.56677941	16.41090258	17.51166882	15.43087402	16.20641776	15.66864213	15.18474357	15.11492559	15.11956497	15.01848714	14.83861749						
SNTG2	11.38877375	9.244664042	9.893453896	9.144277269	9.06922166	10.03277143	11.19664421	8.624238762	9.771739636	8.981580758	8.641179497	8.611820821	8.340405579	8.329773525	8.794846425						
MAGI2	12.25970682	10.21229225	11.07237137	9.858783633	10.29355235	10.91093134	11.84548345	9.935134771	10.76404968	9.723808581	9.618512514	9.659317952	9.502004378	9.320562022	9.419740936						
SPDYE14	4.561674366	3.34332464	3.860105908	3.220106775	3.250000888	3.19245315	5.364809852	3.23326137	4.897718587	2.744608937	3.034331071	2.362250985	3.075388743	3.127210018	2.466052002						
LOC124903664	9.901429817	7.205464863	8.611720944	7.745835025	7.275793508	9.165473724	9.129286254	7.459319091	7.662825619	7.684477566	6.829821292	7.389891705	6.704588276	6.68749311	6.88077433						
MLXIP	8.22809756	5.141116333	6.150969635	5.552674723	6.005447477	7.807571522	7.505797741	5.314076166	6.822887624	5.859128007	5.221160871	5.154819845	5.173393457	5.360693305	5.854169615						
CDH7	8.075717826	6.914586747	7.424942009	6.187548853	6.000666958	7.115822573	8.3618768	6.038077126	6.891473239	5.733901793	5.953645907	5.510931907	6.04144166	5.832694632	5.579627582						
PDGFC	7.724218302	6.32393741	7.51138029	5.438450305	6.533461027	8.790686799	8.328826021	5.409213748	6.992802248	6.117564208	5.902613078	6.125251884	6.028657576	6.177377294	5.599906698						
CPM	7.305171253	5.21148921	6.690404919	5.26294481	4.225742994	6.319479712	5.981397191	5.234046295	5.008580062	4.42081604	5.424357015	4.248489519	3.773035668	4.832580347	4.181099415						
LOC105373602	4.617052697	5.469113821	2.988398072	5.239738131	3.591369467	3.915511085	5.567656262	3.86870961	4.221324954	3.487679347	3.058623912	2.59836197	3.378497125	3.697667472	3.472549329						
SMAD9	8.43023554	5.566478878	6.723934213	5.38575723	5.841195	6.747555044	7.105501067	5.660182445	6.402299317	5.051384975	5.497475534	6.168785552	5.142162287	4.801495337	5.186432605						
DOCK8	9.206822701	7.147778794	7.536282189	6.792074055	7.180738949	7.209939588	8.476203092	6.771476433	6.71658918	6.815655668	6.434318924	5.88208745	6.573224754	5.571373604	6.282429579						
NBPF1	4.911989555	4.010187181	5.271370469	3.873646249	4.878067299	4.041529478	5.091727239	2.954557478	3.840497395	3.652565928	3.341987893	2.563078601	3.509550876	2.827016019	3.04448976						
LOC105372047	6.620274773	3.896392113	4.377594104	4.20436274	4.453418677	5.081129398	6.07635572	4.398524598	4.685425074	3.863661545	3.801202589	3.82255765	3.499372649	3.936251027	4.170076253						
EMILIN2	5.146323393	5.515818914	4.048503828	4.76501634	4.357392013	5.377531315	4.524796603	5.307422817	3.990747858	2.683811366	3.847929922	3.764281476	3.995945456	3.529753379	3.451583803						
LOC105374039	6.113266226	6.023758517	5.533754042	4.837350609	4.222305976	6.627827727	7.483467689	5.31914478	5.887979421	3.80839201	5.072812983	4.985309332	4.645915634	4.585645354	5.001686532						
CDC23	9.792194689	7.522222063	8.594949828	7.885890031	7.668936604	8.878807821	10.0173813	7.770046957	8.085987015	8.04659268	7.068048023	7.613210407	7.348100658	7.021613169	6.844891422						
THRB	7.670497006	6.193785619	6.833898618	6.663276612	6.426278631	6.805799485	8.896608532	6.007901393	6.928154331	5.834255286	5.928342784	5.864423083	5.669182908	5.660974266	6.317411525						
TPST1	7.292630299	5.452424284	6.573978003	5.817069563	5.373443624	7.102884958	7.434549133	6.066183044	5.771294539	5.009400967	5.614317123	4.916784914	4.682493553	4.94358611	5.654717977						
LINC01709	6.639177446	6.061146828	4.846587119	5.129516643	4.048746579	5.575579254	5.712963791	4.67601036	5.090319683	4.238702695	4.048776439	4.25665853	4.683988618	3.651055596	4.216473444						
LNX2	5.898361048	5.072065263	6.527571733	5.454795912	6.146932714	6.496834248	3.742939829	5.832161738	7.018681796	5.398795869	4.836145239	4.984175983	3.575619188	4.624774432	4.479790325						
LOC105373153	12.7971516	10.39787153	11.32449773	10.49935674	10.5284105	11.37176971	12.23412992	10.22549063	11.11262549	10.53132741	10.13602148	10.31686926	10.20670228	9.946786136	9.835211484						
EGFLAM	9.087117216	6.934722205	8.214016606	7.720056603	7.276814293	7.833085162	9.710832117	7.413526277	7.917475034	7.562675337	6.696342649	6.683005267	6.568464979	7.12835235	7.021860602						
CLTCL1	8.362643789	6.003990387	6.956488267	6.142469743	5.888931821	7.007298862	7.12313392	5.668809641	6.322593926	5.895125041	5.462573467	5.807557268	5.373944598	5.299653314	5.614135962						
IGF2R	10.92563593	9.079756039	9.17815225	9.011419937	8.637487393	9.454993721	10.3697344	8.6343665	9.47339328	8.366311972	8.657771124	8.264476916	8.542447242	7.923572936	8.090534518						
UBASH3B	5.117911822	5.696348961	7.329721474	5.699842758	5.379718584	6.242896493	7.287425253	6.248269564	7.014589982	4.899391393	5.835153343	5.202544102	4.821884337	5.083194376	5.005789905						
TRMT11	9.512829883	7.019943531	8.070239807	6.761426939	7.311636079	7.911583687	8.804934874	7.517491606	7.91521167	6.979147731	7.240502373	6.824829367	6.68702868	6.928912388	6.898657363						
ADAM10	7.3772422	5.835377326	6.290752204	4.926319326	5.089199355	6.648200795	6.445346246	5.376666675	5.974266294	5.238874386	4.977232929	5.270892277	5.15469678	4.719238166	4.809029695						
KCNH5	9.012167925	7.816856465	8.52661088	7.922510357	7.988421272	8.252246883	9.863379026	7.426449568	8.314042575	7.699988011	7.175893616	6.778545119	7.700650012	7.115662304	7.502722602						
LINC02325	7.403870795	6.55684393	6.32676312	5.605317154	5.846863075	6.926305896	7.13909892	6.319685349	5.530375768	5.770388911	5.538372271	5.336920071	5.244711235	5.153893089	5.262365934						
CDC34	5.799585349	6.123863798	6.138831157	5.955534955	5.503252313	5.372002483	6.81190288	5.265578637	5.823818105	4.828056755	5.395657589	5.273234915	4.241650184	4.101458877	4.795048449						
LOC105370286	7.892083071	5.825626998	6.293915599	5.626185983	6.373679645	6.423407589	7.033675239	5.753850572	5.984734809	5.483967382	5.76874747	5.451164763	5.275459571	5.120100664	5.532280305						
MAGI3	8.439715385	6.818365393	7.232962822	6.946758374	6.959851941	7.999181594	8.418734396	7.054779413	7.214548453	6.717161301	6.789566023	6.624709199	6.093078594	6.116637472	6.676499323						
DNAH3	7.039979517	5.877619844	6.713957172	5.365162522	5.835107268	6.130500599	6.855705743	6.339551272	6.580389484	5.987445173	4.923748094	5.366966764	5.249503047	4.967511307	5.312494719						
DNMT1	6.556636428	6.468322257	6.321642897	5.084246145	5.753602204	5.99269698	6.553000801	5.762600054	5.706098197	4.374151529	5.122217313	5.676819663	4.864903694	5.246614717	4.884161795						
RTN4RL1	12.29369096	9.227596588	10.1331395	9.40729981	9.289777144	9.537172958	10.98656766	9.570629369	9.851594881	9.178297091	8.640322626	8.632931773	8.820100686	8.669072607	8.773620485						
LOC105370214	8.17058486	7.67368106	6.72517283	6.907444871	6.804204983	6.409621303	7.697736979	6.596852691	7.028489057	6.39938355	6.608724639	6.390579676	5.638626967	6.221741411	5.818813568						
LOC105376942	3.702534207	5.341488126	5.547857648	5.139276606	5.302613719	4.941751849	5.334869348	4.49514832	5.042905147	3.393215367	4.434767155	4.180723079	3.964990512	4.475803745	4.184408447						
LOC124905361	9.090746063	5.89235936	6.337721852	6.096266724	6.562880303	7.386953396	6.538972815	6.224793139	6.617940183	5.227473008	5.709400151	5.589009263	5.830241881	5.597478817	5.170305956						
LOC107984782	7.00802504	6.449980246	5.852813893	6.31664532	5.638843486	6.179176716	6.370995627	5.948005088	6.5307397	5.615427111	4.860719187	5.472589596	5.486829888	5.484449224	4.994070469						
IGH	9.116133428	8.949533583	9.077169292	8.789636751	9.211395633	9.386414052	8.192005214	8.800633589	8.81144644	9.914337928	9.76798161	10.93907903	9.659353356	9.812904625	9.446960849						
LOC105369812	4.304488812	6.029225474	3.568835577	5.15807268	4.658977971	4.387254151	3.807291203	3.932147985	4.188696202	5.727366477	5.681673834	5.404865009	5.531989263	5.634634234	4.943373502						
ANKRD55	4.046644365	4.882216869	4.934418673	4.954391565	4.145230551	3.705582783	3.51297464	4.035946376	4.614680437	5.411383006	5.823492785	5.794531986	5.29004373	5.894056385	4.721341851						
XXYLT1	6.526217244	7.603242008	6.911057388	7.438348215	8.032831252	6.913023582	6.887541687	6.940163281	6.359030895	8.38861609	8.275883697	9.063475309	8.248481841	8.091789867	7.437875924						
LOC105377448	6.879687192	6.385020918	5.817485967	7.213141159	6.373314991	7.174961368	6.361817666	6.199589051	5.576743008	8.259601885	7.926569817	7.444518691	7.721411017	7.784344852	6.576318198						
STAG1	8.018616975	7.948657543	7.7386736	8.73760837	7.386545787	9.005501032	8.167746433	6.956338962	6.998471203	9.604247318	9.378509506	9.439985363	9.336762831	9.262905393	8.016358188						
UNC79	8.24850274	8.14505405	7.680202597	9.374575136	8.509745101	8.336802131	8.721946395	8.94244808	8.447526075	10.30235888	9.853671198	9.849944692	9.726736871	9.806955588	8.943458752						
LINC00886	3.94773404	4.653048315	4.133384504	4.842413423	3.875608489	3.611712888	3.406194184	4.248947051	3.668926686	5.096495158	4.818307522	5.431828555	5.299901988	5.274345663	5.698152453						
TRN-GTT2-5	5.720676887	5.86458389	5.56765169	6.820743554	5.818561149	5.888332011	6.304445443	4.785571595	5.854178684	7.656919592	7.367189093	7.148584004	7.104194818	7.270838844	6.095870423						
LINC02755	3.956125013	4.102750429	4.289610716	3.814414145	3.729313599	2.865522177	7.717395847	4.331425513	3.89372722	5.861340171	4.844585291	4.387961024	5.62167354	4.53677879	5.011362295						
PLPP1	3.485111199	4.866000805	5.027262794	5.630569324	4.321799261	4.623971091	3.598862399	4.248984409	4.175261339	6.195301892	6.130274721	6.139421123	5.936961951	5.690404148	4.93194706						
GOLM2	6.515935354	5.144386661	5.812324447	6.149976837	5.245949574	5.809278581	4.310590767	5.767593151	5.016381225	6.606805503	6.891435636	8.131393213	6.699981756	6.663817449	5.355038833						
PLCE1	7.755649482	7.374295949	6.859848921	8.156223307	7.066213224	7.139274149	7.744700063	6.384005585	6.488001856	9.214415917	8.755752256	8.894827772	8.751990867	8.68177895	7.646876115						
LIN52	9.172380273	8.472039188	7.912600475	9.323995876	8.251007684	8.409198735	7.831309055	6.850108081	6.538607379	10.0241047	10.21741184	9.584365733	9.926083674	9.975350044	8.196409963						
G3BP2	6.898811075	6.485406789	6.545858433	7.705586769	6.101202859	6.612404928	6.743775398	4.940177026	5.153742142	8.51697656	7.943999989	8.062015907	8.06809492	8.13785248	6.779477469						
TMX1	5.089125473	4.952829472	4.628258917	5.951529908	4.578951798	5.313861467	4.375719295	4.442477239	3.883833722	6.720083465	6.753354722	6.211765339	6.426848184	6.289749266	4.629650499						
MTMR9	2.698010392	3.463140656	3.26424948	2.442373337	2.791587598	2.831307197	2.481235474	2.696238864	3.391344357	4.399083771	3.396235103	5.307056176	3.467718664	3.957357581	3.614335506						
MCU	4.025843552	5.256326292	4.476157651	5.210287244	5.92797175	4.759493033	4.399111205	5.294936066	4.131490262	5.848885212	6.243667317	7.303237512	5.818165382	6.412067938	6.086380601						
HDAC9	9.237221304	9.5412534	8.763914845	9.729100501	9.375522389	8.971726981	8.692210183	8.369274517	8.064494894	10.886181	10.92387513	10.09983044	10.75866345	10.60172692	9.122344544						
COQ5	6.698249125	6.287469981	5.444819766	7.726735844	6.234057775	6.397242194	7.577315059	5.666125682	5.748729301	8.76116426	8.158791512	8.082323074	8.264610766	8.145018795	6.767116732						
ZNF674	5.077673541	4.611007398	3.904340989	3.946833854	3.260873557	7.714365876	4.222153773	4.354639881	4.022816141	5.075491066	5.325502354	6.975104523	5.954352739	5.465990719	4.587005836						
LRRN2	4.962546785	5.97923989	5.623169789	7.031570568	5.717061636	5.924649764	4.335475794	4.909970434	4.586460561	7.258699527	7.448217989	7.725515629	7.635906531	7.199095426	5.863365261						
SMC5	11.71928472	11.0545964	12.09622454	12.69496788	11.16352025	11.20426471	10.15936742	9.65917184	9.117611025	13.17893253	13.42290194	13.15132355	13.24011202	13.08684055	11.38624724						
CCDC158	7.52479184	6.375714177	5.586297194	7.763549517	6.196013236	5.961620301	6.686809352	5.416930668	6.035105367	8.722741777	8.230748789	8.403711329	8.258554642	8.322544477	6.760129243						
IL17D	4.341994874	4.850720828	4.65014286	4.941433244	5.86874865	3.551795012	5.216169461	5.861251088	5.083681936	5.681747379	6.022398429	7.776380789	6.355096733	6.590247948	6.360850321						
TRN-GTT2-7	5.965663033	5.994721657	6.586165391	7.116887848	5.699205412	7.706465961	5.321610285	4.94926987	6.12242896	8.68351067	8.402096875	7.773512396	7.923871734	8.100826518	6.379265084						
TRPM6	15.51000665	15.30899892	15.71979128	16.60158112	15.06994177	14.90333271	14.22540322	13.44157917	12.93499899	17.24195706	17.39499153	16.55561262	17.091809	16.99966085	15.19738231						
SLC2A12	1.547341064	2.568467591	1.721771439	2.091155668	2.311880533	2.00826453	1.432509356	2.562405759	1.978113019	4.038105665	3.256463817	3.479029651	2.568565185	3.614792763	2.647493931						
LOC107985365	7.112394162	6.034912376	5.272134945	7.630266331	5.944087783	6.315116654	6.765132724	5.213247506	5.103643337	8.673470683	8.112850227	7.845264955	8.104735977	8.137481964	6.695118791						
WIPF2	15.32905883	15.09947773	15.19271973	16.43867053	14.72161649	14.71147782	14.03277013	13.09282557	12.67112192	16.98282184	17.17343557	16.36170318	16.88389406	16.71898361	14.9317337						
C18orf25	15.30919586	15.06288231	15.06351515	16.4610996	14.72674261	14.7548674	14.00286615	13.12215651	12.72869089	16.92427219	17.12372797	16.38231179	16.90869952	16.76817632	14.95667109						
MSN	15.43270527	15.2352425	15.48103991	16.57180733	14.98087897	14.94495076	14.2192449	13.40371897	12.8964386	17.12266129	17.28922075	16.60863584	17.06022819	16.97591108	15.15558274						
ART1	15.305835	15.07482805	15.05065664	16.4484767	14.73888017	14.76935714	13.99607663	13.13414422	12.738598	16.93260736	17.13179449	16.40267856	16.89645913	16.76398617	14.96916512						
ATAD5	5.334734859	5.679473744	6.438992934	6.422910585	5.468155233	6.123624367	4.918096485	3.981650541	4.61225679	7.281366453	7.231868284	8.276034968	7.117635172	6.827240975	5.496687125						
API5	6.838304297	5.787678819	5.081153996	7.57265067	5.756637575	6.498290426	6.646826884	4.654451736	3.957804305	8.60567686	7.759740606	7.971670546	8.057500501	7.957395567	6.524117091						
FOXM1	5.229763988	6.381346606	5.811277148	6.45609047	5.649962468	5.962742236	5.477933207	4.347385214	3.549397988	8.198164167	7.533406603	7.185129359	6.928659471	7.021968622	6.014108096						
FTCDNL1	15.45708845	15.24954266	15.41307298	16.57202426	14.95050769	14.831663	14.14090651	13.30875708	12.83132872	17.16857761	17.36601825	16.53197012	17.04853916	16.9439196	15.13353012						
ATP10A	9.054489604	9.052175637	8.517011081	9.605934958	8.551126405	8.267111065	8.231471962	7.527467638	7.205501438	10.64255341	10.57834871	10.36823594	10.3363623	10.37943116	9.08404977						
AKAP12	12.29636114	12.29216833	13.14435944	12.21967441	11.99513019	12.83570917	13.34299207	10.71407113	10.97408572	13.12342879	13.71666276	15.80478194	13.3167514	13.06793592	11.93859619						
LOC105376615	15.45109098	15.20023543	14.6875311	16.51838164	14.84971687	14.66985228	13.95756045	13.17861475	12.69664534	17.09935342	17.29644548	16.44980678	16.97526945	16.83767625	15.0422764						
TAGAP-AS1	2.288791238	1.902085284	2.292522676	2.296728848	1.431277493	1.661025593	1.413571447	2.928582746	1.978484872	2.163005851	4.192643082	3.062932582	3.676355588	3.555374799	3.403472361						
PRKD2	6.671636806	8.185303973	6.236782654	7.445394876	8.766784309	6.602432618	7.832335839	7.432989237	5.778937371	9.272887434	9.293979401	10.1839419	9.064448907	9.125468451	7.573702398						
RIOK3	6.308826587	6.227962661	5.248906187	7.772656564	5.841701228	5.64538727	6.548743689	4.918443651	4.868851612	8.635619914	8.039554425	8.072486527	8.02820793	8.016921217	6.678622195						
LOC105369760	6.717662335	6.03753723	4.812851822	7.69958899	5.836322391	5.563518712	6.261064498	4.542026192	4.314099785	8.546801491	7.944517873	7.823312986	8.044624595	8.105216384	6.646811716						
ATP5MC3	7.138207941	6.753271134	6.730960653	8.085644914	6.776966187	6.308881058	7.190535137	5.127009147	4.953833102	8.940245633	8.697359426	8.823513691	8.728041083	8.966670349	7.258801644						
MIR3135B	6.701916083	8.262927434	5.40827174	7.393057349	9.037646409	6.38767775	7.64707966	7.543507381	5.069967157	9.642955668	9.501783785	10.17073491	9.248708598	9.318894399	7.324879988						
ZNF133-AS1	15.70085234	15.53816931	14.82926357	16.77690071	15.28682917	14.81902468	14.25490835	13.63919671	12.9470152	17.56564893	17.64675019	16.67500896	17.3140682	17.22226521	15.44395101						
PROS1	6.459485158	5.777193578	4.82818805	7.3890996	5.757097612	5.461281097	5.420999651	4.939808412	4.306252752	8.419434226	7.595930358	7.526161277	7.852838901	7.84344849	6.444483073						
HIRA	5.213596061	4.409657296	4.962542806	4.915820859	4.740147518	6.315200926	5.006645051	5.465965675	6.65250827	7.065071191	4.790882366	9.124024339	4.863738142	6.545447273	5.990077578						
MED12L	6.984651762	7.330528867	7.660922869	7.791020186	8.445995416	8.053614474	7.930618353	7.2573938	6.224805492	9.978314297	9.637096771	9.738267437	9.15739984	9.425023781	8.983953613						
WDR33	16.35499502	15.8604229	16.30879589	17.33720133	15.62999142	15.52573792	15.64590623	14.11493055	13.94206485	17.82496015	18.11492827	18.57555222	17.86839781	17.89702552	16.47383652						
NPM1	1.684655737	2.280485185	2.233844196	1.949991809	2.261328973	3.30603424	1.546266553	2.550223952	2.274991162	4.724192583	3.861297054	2.047092702	4.357562512	3.675862889	3.408284284						
RNY4	17.20904642	16.97792288	17.39357542	18.10094171	16.90791245	16.60269381	16.28184475	15.27139157	14.79297305	19.01776353	19.22968497	19.0800208	18.90187815	18.89416607	17.39908067						
FAM184A	9.119284765	8.672569588	7.852282423	11.26351753	8.99703824	8.272617552	8.359487625	7.94409435	7.204628847	12.11856124	11.19550636	10.67652138	11.38231745	11.35364844	9.737032455						
TIMM44	1.723095426	3.406418156	1.822932884	2.435949221	3.134274774	1.26381183	1.575090248	2.043280132	3.15104165	3.943771197	2.972021796	2.790404296	5.156293505	3.328042429	4.908063352						
CBR4	8.575836659	8.24273413	8.707504143	9.206382049	8.040166101	8.025752706	8.369227794	6.399022318	6.734694507	10.00630486	10.26581605	11.20146301	9.961309219	9.738473413	8.771956191						
FAM234B	6.032177799	5.999726747	6.716703875	6.056405341	6.35820336	7.420179754	5.720777649	5.527941867	5.336141686	7.83922169	7.765945212	9.526104155	7.260866014	7.677887752	7.211357216						
LOC124904006	8.326304418	8.053879466	8.610236787	9.374295004	8.120884181	7.270798346	7.595624612	6.64692137	6.902049278	10.17827269	10.32181406	10.46165123	10.10471518	10.1004348	8.791043032						
MCM10	2.16706693	1.353532725	1.813400488	1.710062726	1.584918147	1.50391211	1.225853758	1.676877833	4.95522572	2.049702153	2.389585662	2.540525151	4.282221165	2.962335583	2.895020959						
SLC15A4	1.226341612	2.185384534	2.214831111	2.073109879	0.746439252	0.873860813	1.111276919	1.298229247	1.751024869	3.180852055	2.855795655	1.67210572	3.774182092	2.887133717	3.185661463						
GCNT3	7.246128498	7.510563979	6.367258668	8.484133132	7.128482254	6.345224624	6.91696608	6.194135776	5.861682404	9.445901424	9.548314994	8.649979987	9.22032955	9.333700531	7.666954345						
CCNL1	16.40518851	16.03129348	16.80625495	17.17676402	15.89303434	15.88375626	15.70199478	14.32956841	14.06276488	18.01864752	18.3928716	18.65020924	18.0899705	18.10941785	16.74237442						
RXRB	19.02481083	18.69960903	19.48174969	19.78576107	18.63305672	18.50057385	18.3159994	17.03331328	16.70406025	20.74730615	21.08552187	21.26547884	20.76761817	20.79502228	19.41519766						
PARD3	9.550716497	9.620353776	9.425005402	10.34760023	10.07744286	8.970857191	9.046878992	8.725636371	8.187926744	11.47991142	12.12090279	11.06291874	11.68596599	11.55423948	10.17606687						
SPINT1	2.306652398	2.838035378	2.578535421	2.307777491	1.959082697	1.639214465	1.392271863	2.311490478	1.721923479	2.16791398	3.979404386	3.428159112	1.421933177	3.831686811	5.174378871						
PTPN3	6.64162172	4.875846071	5.882075612	5.399045677	5.872873537	4.558255912	5.648257836	4.665782934	6.5169673	8.691508401	5.726101178	4.972063431	5.849132548	9.232432085	6.04381694						
NFYB	5.314278468	5.881482334	6.17702563	5.77351622	6.279367582	7.640764988	5.441618186	5.177576746	5.18159069	7.934689347	7.87413366	9.457230297	7.260886274	7.772795563	7.232795304						
ZNF436-AS1	10.71836402	10.67996071	11.16606488	10.91116778	10.71444855	10.73084278	10.02491851	9.205279734	8.703932347	12.27527143	12.65156748	13.6516548	12.22205544	12.16526878	11.1144759						
APMAP	1.072434183	1.856837774	0.592213783	1.755869087	1.383050786	1.287800096	0.96228047	1.814311353	1.072533313	1.557523537	2.962678382	1.974200713	3.577640875	2.348749361	3.467467243						
PACSIN1	12.5950647	12.38038969	9.946702977	13.64701304	12.56006783	10.70274336	10.72217568	11.08407842	9.814786186	14.96771376	14.69042656	13.14868463	14.29025528	14.35775906	12.67586773						
CLK1	8.917564453	9.236914516	8.779570623	9.529776264	9.489972414	8.047629974	8.296962154	7.827836669	6.600584641	10.98924567	11.49361487	10.52396175	10.91130606	10.95716607	9.820075191						
TICAM1	1.277354999	1.330161589	1.51560911	1.65110535	1.229115824	1.452944805	1.860178716	1.630456992	2.146409495	3.343777006	3.484773068	2.867568111	2.31918109	3.542355691	2.400367922						
CPNE9	3.207400659	3.024811276	2.484834595	4.02211362	2.51401742	4.019706764	3.251521673	2.721449315	2.69675538	2.742966832	3.341787442	2.742112084	4.924963023	4.390200607	6.936530807						
PLPPR4	1.278795637	0.976895874	1.75672848	1.64935909	1.995857338	0.846830336	1.1421716	2.159038031	3.059068397	5.283675882	3.538284893	1.727020838	2.459154283	2.755288859	2.883583672						
MIR376C	2.937530028	5.153912318	2.948645076	5.770801609	6.234658276	2.785035788	4.250459552	4.329481149	2.985831877	6.181153113	6.38438214	6.807542163	6.46809658	8.50637351	4.238272072						
CIB2	1.372126489	1.782008569	1.821120882	0.872247972	2.366778019	1.517764161	1.241288484	2.027210252	2.234087329	4.654309582	1.883613297	3.439317789	2.769914951	3.49529914	3.526583975						
THSD1	6.780666781	6.879064766	7.253580173	7.703980823	6.557198724	6.681463953	6.499853021	5.840278941	5.410235751	8.675078451	8.923575946	10.17438951	8.681494689	8.472368434	7.445119768						
SIK3	9.409089797	9.105867464	8.291192443	9.65595949	9.617759817	8.030487786	8.418206862	7.929311646	7.272731433	11.32293018	11.87479454	10.49468523	11.37311845	11.28736799	9.670134348						
LOC124909441	1.081669229	0.906554525	0.607196439	0.66902398	1.997156133	0.743153533	2.156425985	1.492340768	1.081801589	2.828819931	2.862730671	2.905493789	2.651976756	3.246690932	2.591132268						
LOC101929532	1.690660112	2.612754197	1.046367955	2.205741532	2.930285474	1.235171464	2.215795759	0.816858539	3.130093126	4.209570266	4.126174185	3.527662689	4.327046923	4.106767898	4.654632393						
LOC105377063	2.143192164	0.585878372	1.191928864	2.35709259	0.717810169	2.380037596	1.186022252	2.266791224	2.039103585	2.437894315	2.72852978	2.524469112	5.154054953	2.57485818	4.202108067						
LOC101928272	1.439883244	1.624324506	2.252537003	1.397748802	1.629632295	2.234619702	1.292579766	3.029711887	2.452871417	2.826983512	2.818074874	2.617475473	5.877307481	2.253167082	3.839651218						
CAVIN2	1.84143396	2.962783568	2.143014849	3.391285566	2.812585258	1.35674275	1.685454552	2.727444039	1.177875307	4.953032822	5.231700809	3.76861248	4.908792594	4.48299109	3.457678517						
LOC107986922	1.212239539	0.322573515	0.453139153	0.02932253	-0.006018987	0.080086961	0.275897297	0.200841156	0.476461918	0.59363331	2.022906715	2.114497445	1.516301591	0.453456734	1.983858843						
LOC105372146	1.386581253	0.086778873	0.148077161	0.194510763	0.625620482	1.205878583	0.432635928	0.031285917	0.633595805	0.753876751	1.884506211	2.444998241	1.906211178	1.671268388	2.177070382						
EHD2	11.44212605	11.06032002	9.725519571	11.88006336	11.24553093	10.31745767	9.765098309	9.648868212	8.72499551	13.31117233	14.18518055	12.54985289	13.47949261	13.52821825	12.29426757						
ANKUB1	0.66167994	0.825169238	1.011742171	0.243251862	0.196053018	0.914916908	0.512554528	0.84701894	0.704222244	1.484966739	2.834568828	2.586896968	0.773572166	1.265256665	3.164498072						
SLC16A14	1.241062562	1.692226865	1.143806892	0.74214208	2.288489089	0.834756875	1.851544771	1.450961627	0.682285269	2.902269384	4.176623366	3.238798648	4.248264871	3.097093722	2.661381477						
DCST1	0.41083699	0.597912337	-0.047062915	-0.00011928	0.461111501	0.056010693	0.266815194	0.624698867	-0.035819073	0.965727145	1.763411903	0.16646932	2.643848605	1.547935594	2.462288161						
LINC01040	0.491783687	0.33681456	1.152357364	0.621420009	0.521295876	0.760985825	0.332412507	-0.238579207	-0.044589539	2.759128418	0.079028174	1.876265949	1.978520271	3.8926824	0.090554236						
CNGA4	3.6538472	1.298202041	0.636146374	1.315042917	0.653448065	3.109171488	1.213600842	1.798698984	1.204541933	6.587912232	3.100208502	3.272791265	4.103074255	3.207805889	1.793128958						
MIR3143	2.606388564	3.769256084	1.072884802	3.764391472	3.266829789	2.236908275	3.141695489	0.767083602	1.099783435	5.110778865	4.375062039	7.395948568	4.564379204	4.891792711	0.955006442						
ASZ1	0.912028728	0.300626453	1.234150635	1.012026296	0.913084775	0.546618314	0.790863948	1.224128844	1.268925337	1.440910328	3.091405813	3.646091072	1.810275396	3.53754809	2.911770816						
LINC02098	0.740674071	0.893462798	0.249040017	0.309001054	0.258553177	0.381814646	0.608737922	1.950696441	0.26331085	4.122319281	1.951807291	3.05650009	2.660377993	1.095681591	2.271953724						
LOC101928936	0.862239282	0.32090072	0.397847295	0.976888065	1.467936868	0.526810751	0.745337084	1.186965475	0.411800288	1.884347969	2.611797141	2.762250721	3.020195109	2.783964864	3.097519461						
C3orf80	0.435704915	1.256398225	-0.131820259	-0.068024459	-0.121523842	0.006434008	0.281007329	0.413094414	-0.116400717	4.78236225	1.137170168	0.974214656	2.183924227	1.332643092	0.693198565						
LY6G6F-LY6G6D	0.828501036	0.188818465	0.8100366	0.359977051	1.455637525	0.444174179	0.692614075	0.094159289	1.685484771	1.374316142	3.540981666	3.700024369	1.633012755	2.958294968	3.038765025						
ING2	0.183528353	0.07274294	0.2224821	0.331756336	-0.324446632	-0.221324319	0.038183217	-0.46793031	-0.320340496	2.645446259	0.45558296	2.52480853	0.031467759	1.876934529	0.02717314						
C19orf47	6.96868621	7.657338003	7.786320624	6.976803497	6.43827569	6.518898389	7.536666911	6.119727877	6.847080572	7.799187627	7.442855738	12.39374902	9.543745437	7.436489557	6.160715736						
UQCR11	0.573967758	0.445824472	0.090665144	0.703045239	0.099580614	0.831714921	0.420992569	-0.053911396	0.620415154	2.85640804	2.24807496	2.134186644	2.864950333	0.594549713	1.560763264						
LOC124902504	0.222919003	-0.302929535	-0.244482572	-0.200676434	-0.237479113	-0.148394188	0.858438485	-0.356483725	0.287978803	0.792109554	1.177309354	-0.020624304	2.490968241	2.076417592	1.238491826						
CDR2	2.254285308	4.083063339	2.171881475	2.580597642	3.909161776	2.518036394	3.087051895	4.850135072	3.092797901	2.656794199	4.57218137	3.177367275	4.265289395	8.420190921	7.512490048						
LINC01521	0.641834477	0.07539919	0.153860667	0.211959342	0.163184759	0.280725589	0.487753954	0.82869478	1.029311677	2.988870503	2.439291985	2.878653817	1.574288912	1.633843827	2.288900375						
PRG2	0.302035735	-0.227242907	-0.165924933	-0.120026545	-0.158584092	0.563785072	0.940523427	-0.283539844	-0.154921688	0.487396778	1.980631332	1.271003348	0.85200148	2.664672116	1.492541146						
UROD	1.013158228	-0.544704011	-0.458578938	-0.397207447	0.175185528	-0.326926655	-0.048511639	-0.171094203	-0.443644448	2.467748618	-0.329490422	2.917991029	1.942843445	0.8414843	-0.782007113						
OR2M2	0.251832272	-0.369830409	-0.290248228	0.398773977	-0.280906419	-0.165109349	0.938563258	-0.445721795	-0.276259418	2.81892405	2.185835686	-0.014209633	0.851870315	0.284444558	2.957016888						
SELENBP1	1.428260947	1.148734479	-0.26950185	-0.17773951	-0.25446709	-0.074395525	0.264207695	-0.53535613	0.446556029	-0.138532322	2.857588797	6.366759702	-0.439193728	0.411882857	3.281245151						
ADO	0.712553041	-0.078221843	0.05060084	0.1413049	0.06539893	0.244578477	0.537604828	-0.206907319	5.514673791	0.180343524	2.221384146	2.669343636	3.008459328	2.117619556	3.742255155						
CDKN2D	0.267158163	0.153832105	-0.238395503	-0.186844947	-0.230108617	-0.126126408	0.120694384	-0.373715047	-0.225980392	-0.164129926	2.138641722	1.274916603	2.796798984	1.835994831	1.883765154						
LOC105379437	0.249593422	-0.33389399	-0.262751186	-0.210431708	-0.254333011	-0.148945899	0.102618047	-0.008581482	-0.250140505	2.873371208	0.518826683	0.77567947	2.463050536	1.830560865	1.227424044						
GMPPB	-0.396991873	-0.975823491	-0.915513265	-0.872417562	-0.908507993	-0.816491864	-0.537577182	-1.034299739	-0.905029382	1.975437831	-0.81854849	0.641885217	-0.493517661	0.550495255	0.085710818						
LOC105373954	0.190137882	-0.497126514	-0.411091081	-0.348777666	-0.401013196	-0.276467879	0.041751404	-0.121258628	-0.396001695	2.213229972	0.953349429	0.760434941	-0.52086624	0.929574082	5.234220601						