V1	V2	V3	V4	V5	V6	V7	V8	V9	V10	V11	V12	V13	V14	V15	V16	V17	V18	V19	V20	V21
-0.32143162304953	0.807679072707636	-0.694491411339495	1.26095718027306	2.14305371502076	-0.587952286199936	0.0849170291040404	-0.838719339921963	1.79783622349301	-0.623045819622748	-0.590002219210597	-0.484686319306008	-0.481688220511452	-0.694323593664613	-0.778102387772159	NA	NA	NA	NA	NA	NA
1.49788412042498	-0.900118154123363	1.16480839131064	0.579522379698671	0.145511632953818	-0.714418965512502	2.01440276688398	-0.694655438074492	0.925028668342146	-0.752435880508733	-0.716655774566514	-0.0832348418572894	-0.920015995765438	-0.457924916286242	-1.08769799291966	NA	NA	NA	NA	NA	NA
-0.352328419177731	-0.842942495195361	2.10124103558918	0.879647999401618	0.11399791037716	2.13618120481073	-0.462079333951857	0.340936125300251	-0.341766789960774	-0.238283578296401	-0.653181402796894	0.0148296015666232	-0.864661992346824	-0.766049843002492	-1.06554002231722	NA	NA	NA	NA	NA	NA
2.10658830544402	0.984959292782536	1.74845894765223	-0.199595648436328	0.0605554563152284	1.03785681953314	-0.476571630168948	-0.114901872666638	-0.279516266571496	-0.750948080124571	-0.715145553918646	-0.58341345875896	-0.915662211173952	-0.825439883238342	-1.07722421666927	NA	NA	NA	NA	NA	NA
0.117249375019433	0.695002761892585	1.84025596891866	-0.803665571980588	-0.851797553116155	2.21423787345152	0.721763739789043	0.266558571961952	-0.0436779309015374	-0.778937652887637	-0.740660979807807	-0.617537483005486	-0.966360179759132	-0.860997686487555	-0.191433253087292	NA	NA	NA	NA	NA	NA
1.63287028365338	2.41344380334149	-0.956369140728719	0.0286777846662478	0.219527576242759	0.60924801867294	-0.624295198553418	0.333817832188165	0.684417728900578	-0.868512629879683	-0.827335119582943	-0.693758945138461	-0.727007201330599	-0.557757534570799	-0.666967257880937	NA	NA	NA	NA	NA	NA
-0.407359430818776	0.231111840012215	1.88186539550309	-0.309756506727965	-0.851552070985479	-0.196490220823885	0.560210848678899	0.70657162166679	2.31747045563643	-0.77942196410314	-0.741074574295038	0.0213949888643461	-0.9620295233295	-0.860567737127862	-0.610373122150119	NA	NA	NA	NA	NA	NA
-0.422357199137872	0.581383641947498	2.1883901395762	-0.786142679090446	-0.834644704036774	2.13084086786528	0.655776662677993	0.31426586402458	-0.425006692473366	-0.318463475219602	-0.722686517465676	-0.598942044883808	-0.376955218982839	-0.843916254519103	-0.541542390282068	NA	NA	NA	NA	NA	NA
0.806705063558577	-0.941283725140311	2.097687712081	0.379536607341168	0.766174791710856	1.92744274476708	0.0196877651526128	-0.721922819994552	-0.846049546686505	-0.345817495940821	-0.285769922770464	-0.61610892000613	-0.964239988519585	-0.472634176918854	-0.803408088634074	NA	NA	NA	NA	NA	NA
-0.282201103699304	2.38619475477184	-0.820560712781094	0.61462876638791	0.182208240521903	1.27843776663052	1.39688256177282	-0.0073785877389129	-0.202790203131224	-0.746776956903586	-0.711196985476753	-0.555703996561463	-0.908579154297165	-0.820392797884358	-0.802771591611143	NA	NA	NA	NA	NA	NA
0.403921445135325	2.30768716320332	-0.825195891005319	-0.234408809800191	1.04804402228193	0.254734378258831	1.74346695799435	-0.00221271863374069	-0.811872300113865	-0.746367542392633	-0.121163453865873	-0.586527976494124	-0.92267062369126	-0.825013838346215	-0.682420812530531	NA	NA	NA	NA	NA	NA
-0.385862287019548	0.304187316096544	1.20135883816505	1.94424788784945	1.46591352344751	1.17710507750302	0.338030031016084	-0.643275328545323	-0.314308361526116	-0.832192957916055	-0.796566901594215	-0.669231905761524	-0.989298006041396	-0.904697729353099	-0.895409196320387	NA	NA	NA	NA	NA	NA
1.24969076359955	0.587780360265458	-0.258110310648948	0.284110297140359	1.32436316740202	-0.738090650526724	-0.472319810743616	2.39012792562047	0.171145737328053	-0.777558775292213	-0.740422313616573	-0.593562510552276	-0.462488529414226	-0.854555996116989	-1.11010935444433	NA	NA	NA	NA	NA	NA
-0.453824774055	-0.207101835742	2.17216191800392	-0.805545376937532	1.55852268975642	1.58226817932521	-0.555526037639888	0.567567253814404	-0.208825755655112	-0.780869882847025	-0.300145949807726	-0.619260482614971	-0.967075481971001	-0.862643228493553	-0.119701235136149	NA	NA	NA	NA	NA	NA
-0.423206534106848	0.721354465454956	0.418184459690878	0.363224729541138	-0.904863979749816	2.10470109222291	0.231571530388039	0.450655033773902	1.86804608941849	-0.835945742507971	-0.798461791259524	-0.672803419257026	-1.00587782417403	-0.913322515181944	-0.603255594253143	NA	NA	NA	NA	NA	NA
-0.369190189143748	-0.233559642139944	2.18491108368802	-0.271512664228494	-0.35139152904932	1.8564421010663	1.53703075979898	-0.631588267332563	-0.343711452876977	-0.737767151216576	-0.700269663772811	0.0507444503019938	-0.918081384889372	-0.366535052584115	-0.705521397621373	NA	NA	NA	NA	NA	NA
2.29593452097147	1.31064743160406	-0.882286255425422	0.746622362392116	0.390403093122554	-0.759212828333984	0.774657141573422	0.720806247350116	-0.868398000661807	-0.800292247502783	-0.245202111383782	-0.027284988075941	-0.984431978741165	-0.882096389132588	-0.789865997756272	NA	NA	NA	NA	NA	NA
-0.235751220617723	-1.20639125545899	0.564827312298725	0.38181036267828	-0.0658401578899155	1.71984766430091	1.84090360251245	-0.573334187519781	1.45898066181488	-1.03297279114811	-0.433222991474706	-0.0325872560355471	-0.982500011256971	-0.633361421931051	-0.770408310272458	NA	NA	NA	NA	NA	NA
0.599837238424565	-0.459991078173559	1.95137186261373	0.171052687497191	-0.0735048761312024	2.17863232330948	0.656179631516525	-0.850608716940367	0.275263143385352	-0.435991088010698	-1.019734155734	-0.556981303797825	-0.563739748665375	-0.937617201907097	-0.934168717386717	NA	NA	NA	NA	NA	NA
-0.506966652622084	-0.189578609524414	1.75909370122598	-0.0605577760216362	0.282847570277057	2.30058331974722	-0.100910415999301	-1.07190543898333	0.951432088700673	-0.819817412180541	-0.13118598074238	0.0867692089819701	-0.359594010562758	-0.903524994079587	-1.23668459821687	NA	NA	NA	NA	NA	NA
-0.361425635513888	0.797311347495314	1.7564995344374	0.189552739159984	0.415741685477676	2.02966586317004	-0.901829259004998	0.316026601114876	0.455608086499482	-0.8562038538786	-1.12035861957043	-0.606234459542774	-0.0165194893623426	-0.781731396583295	-1.31610314389844	NA	NA	NA	NA	NA	NA
2.07139862684093	-0.372142507302984	-0.283742363029718	0.710787632629577	0.170292130848957	0.532782759934621	-0.106139049317794	0.287835634652978	1.94558783962215	-0.834318361059173	-0.135738496949477	-1.00937701679233	-0.773955074805509	-0.972714537765581	-1.23055721750664	NA	NA	NA	NA	NA	NA
-0.155921878062042	1.15162878168638	-0.807639479854342	-0.717568649294056	1.27351064773217	0.983552853964024	2.2348045133885	0.205440954833385	0.0702728424449136	-1.0454532333581	-0.167724419140072	-0.859712885598616	-1.25328482418743	-0.406791885759135	-0.505113338795588	NA	NA	NA	NA	NA	NA
-0.459273771043539	0.555694329824928	2.46081299010178	-0.0889151472203552	0.551649821580839	1.86396785868488	-0.580447804834107	-1.06777636756186	0.0357269193512536	-0.816623931742327	-0.776748683653117	-0.066572955933773	-0.651025828518735	-0.480553913713842	-0.479913515322025	NA	NA	NA	NA	NA	NA
0.795688469742854	-0.203726213522023	1.53629271810568	0.545136128444909	-0.339700271744264	2.66167388206647	-0.617833053944893	-0.838976584326361	-0.57075261165631	-0.0219922143125171	-0.81587810223818	-0.214455681873874	-0.750208934307734	-0.355835306393029	-0.809432224040725	NA	NA	NA	NA	NA	NA
0.961199465185468	-0.260614227735802	1.58506950103465	0.567409178224203	-0.0917240739751919	2.5201664658173	-0.481359930366999	-0.830316421355541	-0.139679401237463	-0.498150163752845	-0.657172790239154	-0.468284648856608	-0.269026191324482	-0.857400738166241	-1.08011602325129	NA	NA	NA	NA	NA	NA
-0.693117006435356	2.06464932913807	0.919954910959632	1.42539422730727	-0.559566836431935	1.49384554320538	0.249003756283175	-0.189029662322231	-0.551007157828742	-1.0547908248004	-0.352154352314995	-0.867858780621377	-0.973358152926331	-0.256393800705848	-0.655571192506316	NA	NA	NA	NA	NA	NA
1.2350695368773	0.226452862691538	1.27420875875409	-0.232645179446043	-0.681825304771487	2.00257483216	1.03233604575687	-0.80881544221759	0.294168023859692	-1.16635117466223	-0.312110245689151	0.0282565157539176	-1.00850169790988	-1.2698909085772	-0.612926622579822	NA	NA	NA	NA	NA	NA
1.77481172952659	-0.158836741031037	0.934194206062525	0.895427536784305	0.566321269332811	1.17746254245398	-0.46590741533363	-0.237141012733364	0.900980336636233	-0.764572591663179	-0.301850549525221	-0.258055078437812	-1.30367643361185	-1.14530297968663	-1.61385481877373	NA	NA	NA	NA	NA	NA
-0.487526526981971	-0.376922892958396	2.42001783854316	0.720976211543872	-0.189901791176889	1.83796438650797	0.753024142177107	-0.779768201573498	-0.180260811935287	-0.859620805945352	-0.818394249680968	-0.68410376044309	-0.42407107325263	-0.208913962043965	-0.722498502780067	NA	NA	NA	NA	NA	NA
0.369377343614102	-0.283068112805568	2.04100105191921	0.0359787689105696	0.17925786328391	2.14710790044674	0.667746340098743	-1.09448936200593	-0.0654435314756205	-0.858313875218749	-0.818648207288319	0.0460471359349925	-0.624475633646823	-0.940957607737388	-0.801120074029874	NA	NA	NA	NA	NA	NA
1.62030687038065	-0.975312960515267	1.66680936445443	-0.0812462423458801	0.462797729838558	1.8999684557034	-0.583410465887762	0.408143020571396	-0.88204071387996	-0.339571327090582	-0.275091516536512	-0.649396325626715	-0.398741941774789	-0.89568217960266	-0.977531767688309	NA	NA	NA	NA	NA	NA
0.382794234590833	1.13130141314551	0.54723160842123	-0.489631838007564	-0.59673205550874	1.39259936240712	0.745864839789188	1.20865212467975	1.09097458616338	-1.10676327760939	-0.342624760489537	-0.0312418251248049	-1.29055706429245	-1.19236441014793	-1.4495029380166	NA	NA	NA	NA	NA	NA
0.599957484686525	0.68884008839787	-0.13889957839496	-0.703214418638399	-0.549315711493887	2.51512805170873	1.13743831541222	-0.593098716999525	0.887611237263369	-1.03074888660848	-0.986735729461328	-0.843407486032805	-0.598313684785029	0.260773789510616	-0.646014754564921	NA	NA	NA	NA	NA	NA
1.63499676462535	-0.108563060092071	-0.950559063023723	0.0366413376499806	0.0947260578836545	0.721959138163158	2.41376336205923	-1.12443029816695	0.539978262959591	-0.862252901676667	-0.049556014166079	-0.141132131935712	-0.484586224221625	-0.950353277123313	-0.770631952934834	NA	NA	NA	NA	NA	NA
0.979968285837029	0.169204980000987	1.60097179468364	0.439144999110775	-0.561910452070536	1.5159872431687	1.50444739152061	-0.58771948581405	-0.0429578162533601	-0.930622523913501	-0.892029171163252	-0.136818599197671	-1.25229726183933	-0.626940948079805	-1.17842843599024	NA	NA	NA	NA	NA	NA
2.21883501013217	-0.145030494202071	1.26693708591405	-0.682314006661674	0.526627519447879	1.39127487541245	-0.323565886388786	-0.598611659642843	0.158589323344102	-0.952874911097923	-0.594759684560751	0.571769229496764	-0.904446989901006	-1.03726352306036	-0.895165888231997	NA	NA	NA	NA	NA	NA
1.34186928166722	0.758211776132707	0.909612416556026	0.704449284111446	-0.284083164254371	1.18782522128647	1.54250262170433	-0.259541153649073	-0.123582731804131	-1.47595564822505	-1.05550390942744	-0.311966172011521	-0.744211241599501	-1.03851752335261	-1.1511090571345	NA	NA	NA	NA	NA	NA
-0.581026950849676	0.743783879701924	2.01751215516561	1.18399254766105	-0.601694999000795	1.49376105211647	-0.674301982939184	0.88666600002097	-0.594146041279681	-0.482117535339149	0.105183113509374	-0.745008003705011	-1.11227480269427	-1.0055552787585	-0.634773153609144	NA	NA	NA	NA	NA	NA
1.79765875188601	-0.0248277956165575	-0.433615136972601	0.550791693374394	-0.151686384955868	-1.03411948503384	2.35664080478267	-0.761721311395164	0.885129598724399	-1.08216200608211	-0.645957580059959	-0.143277693475813	-0.64371188354826	-0.433229265000771	-0.235912306626531	NA	NA	NA	NA	NA	NA
1.17711694900237	0.0880547510419889	1.17214856735265	-0.254189288711409	-0.120866092102654	1.90396210155537	1.12538154973685	-1.47670061531627	0.289953798266135	-1.19602566896874	-0.0379892715216645	-0.0741385518955597	-0.78324610006316	-1.29531936832548	-0.518142760050421	NA	NA	NA	NA	NA	NA
0.247694582869854	0.81029188248278	0.263284943776266	-0.357907093540512	1.35666521669891	0.434974949601941	2.55372766199054	-0.238584474458636	-0.00399975727145273	-0.849888722197753	-0.77316748490235	-1.09178548710897	-0.95706318314851	-0.501635373126715	-0.892607661665395	NA	NA	NA	NA	NA	NA
-0.625605827419213	-0.8582170318997	1.39184966841713	-0.0791261345914938	1.04157963721764	-0.541776673480414	2.47507346407546	0.787561489624834	-0.711207261363724	-0.974067032982993	-0.289750877332289	-0.792136660728088	0.174483628587393	-0.732523608966049	-0.266136779158498	NA	NA	NA	NA	NA	NA
-0.663136696270779	-0.333606498704153	2.12122494340662	0.810636383173949	1.01016974988638	1.22184480638888	-0.761360214699799	-0.515579079905107	1.08883334095043	-1.02211803791429	-0.54645203718042	0.229420101472262	-0.914886617232247	-0.746195368916402	-0.97879477445532	NA	NA	NA	NA	NA	NA
-0.801135054570982	1.07375621620598	1.2425401254816	-0.0671160826331453	-0.0874836016521686	0.934058518305511	2.25760481949324	-0.191847695902214	0.0773908404280039	0.0845535068725786	-1.13963687385951	-0.988053627089524	-0.770857113985736	-1.28221318302264	-0.34156079407099	NA	NA	NA	NA	NA	NA
0.109319782268846	0.220825518970292	1.77885042274165	0.520943423476416	0.920593751707743	1.99268287699451	-0.342259265627085	0.412105716724929	-0.514315240943545	-1.09074619311821	-1.02159325656958	-0.488761882676333	-0.914307820047397	-0.25682433897451	-1.32651349492773	NA	NA	NA	NA	NA	NA
2.49126509347637	-1.16132321803459	0.375459232781102	0.293751510245747	0.293969859295409	1.53939482300325	-0.71083729999549	-0.155979079523362	0.671037877058307	-0.508620326405938	-0.931434204107078	-0.786733216995827	-0.832886958210506	0.00827237047863208	-0.58533646306602	NA	NA	NA	NA	NA	NA
-0.271202028979834	0.950075402396155	1.95344640015699	-0.0481728956176553	-0.502247266138902	1.5643783556839	1.31265745703912	-0.800702568138784	-0.192903414354102	-1.00487935853339	-0.678394745898529	0.347675253327105	-0.735005969155197	-0.64862301949662	-1.24610160229027	NA	NA	NA	NA	NA	NA
0.898220119800401	-0.298697652973791	1.68182863666141	0.487569365437607	-0.0313187752378823	2.34232667650739	-0.400418860143795	-1.19878725379091	0.177525845943475	-0.89844167017239	-0.356795647344831	-0.356324831124714	-0.277881844290646	-0.554044730726499	-1.21475937854482	NA	NA	NA	NA	NA	NA
2.55367672519937	-0.133784875379012	0.559575911263192	-0.625951152813224	0.89715624433072	-0.994785218301711	0.232628038430425	-0.465453749073993	1.47357333994005	-0.581227035480996	-0.511221611660947	-0.278128040845607	-0.912577613096208	-0.236852073332434	-0.976628889179624	NA	NA	NA	NA	NA	NA
1.15759304142516	-1.53580681833023	0.70444891561025	0.102561717494635	1.03447714352014	1.87739081728511	1.22888471229936	-0.378201678499765	-0.326284530619854	-0.75941681028251	-0.0433807886451672	-0.629428406185787	-0.445459507734005	-0.611544785565476	-1.37583302177186	NA	NA	NA	NA	NA	NA
-0.69216243325242	1.46400503328135	-0.488092376762279	1.26012473145395	0.940262335150811	1.64484136059943	1.1148143348605	-0.505806064027092	-0.459474623930759	-0.615336722331848	-0.00612210378116084	-0.318278068131163	-0.930877360718046	-1.14654252039391	-1.26135552201736	NA	NA	NA	NA	NA	NA
1.36968082663487	0.556178423752633	0.777235008909089	0.426893526128156	0.674113549252066	0.355812390466955	1.95894875254271	-1.77579629804169	-0.00137870531628542	-0.688345563922906	-0.607227462534485	-0.335520442173028	-0.887570166451746	-0.750679745484448	-1.0723440937619	NA	NA	NA	NA	NA	NA
-0.101689375331875	0.218741374248729	2.58930081391103	0.917073611510674	0.0576575619654494	-0.312697497879066	0.828641534084556	-1.09419893483111	0.793939616005566	0.342766141693688	-1.04806724357333	-0.89543533669928	-0.768961683484292	-0.81800576607495	-0.709064815545792	NA	NA	NA	NA	NA	NA
1.7753380939493	0.613381175003194	0.817662297926104	0.564942906029381	0.4339187656959	-1.03413263054679	2.05442215363111	-1.18954855734825	-0.25443773287903	-0.438242577081753	-0.474801286912347	-0.557060009395174	-0.679924188555949	-0.865977839339713	-0.765540570175984	NA	NA	NA	NA	NA	NA
1.46131915211694	0.655553179330522	0.836783831982847	0.325973381938089	0.50329165168589	-0.515526091578778	2.12093932125698	-1.36083813141663	0.210950163009745	-0.915778011919883	-0.202168731151465	-0.244447245223671	-0.89396144204963	-1.06756807270279	-0.914522955278158	NA	NA	NA	NA	NA	NA
-0.105705248298493	0.534943788963836	2.36349955161409	0.0056309351270172	-0.112539636101625	1.21594788041547	0.857640582382666	-0.538727459346899	0.354784366859187	-0.56261230242822	-1.27796143883686	0.30604601041142	-0.817476614358099	-0.730882130986385	-1.49258828541711	NA	NA	NA	NA	NA	NA
0.790767121561039	0.0373673591194648	2.17331644728079	0.105476611474592	-0.546237973764559	2.30128108773395	-0.651083016129373	-1.04084301623228	-0.66912671611795	-0.402800240804497	-0.287447478945141	-0.322161025230597	-0.518771292881928	-0.456446213800334	-0.513291653263166	NA	NA	NA	NA	NA	NA
0.632229103491496	0.0409218381507345	2.21092381335444	0.0163215386367515	-0.480670043394874	2.33555900470434	-0.888389152637465	-0.975492005688804	-0.217886925343784	-0.577916196018298	-0.448500221585694	-0.529648288944981	-0.324807679418301	-0.377920477343868	-0.414724307961704	NA	NA	NA	NA	NA	NA
1.18684932276385	0.428977142818806	1.10497256176835	-0.611554481522267	-0.410541954471618	2.41708516355929	0.760248527929665	-0.997150865299829	-0.00871759312234159	-1.0371575328234	-0.991967366813647	-0.843180032673705	-0.457370294170828	-0.0429868499423478	-0.497505747999978	NA	NA	NA	NA	NA	NA
0.55317066795245	-1.17254934892485	1.48856981305302	0.0564301330932028	0.928006071792013	2.23230361470275	-0.230830778156247	-0.313453595668866	0.520893016891946	-0.414096508963962	-0.654717608048121	-0.183407622695722	-0.96932772119825	-0.389045369260426	-1.45194476456893	NA	NA	NA	NA	NA	NA
0.220632063612147	-0.492149950440222	0.937110711599624	0.92949433610824	0.969881339811329	2.44036686151662	-0.770965791959437	-0.0281374193642043	0.380942731093957	-1.04339493819388	-0.394061610293754	-0.850734009750418	-0.136304811817917	-1.13491170034108	-1.02776781158101	NA	NA	NA	NA	NA	NA
2.49810335781642	-0.211666111677755	0.469130869864515	-0.609029197002854	-0.111263345162481	0.107437071532055	1.65749149343352	-0.039021859615972	0.709399563780999	-0.550554244975266	-0.966902659979922	-1.21270042458941	-0.839836736069014	-0.331554646463187	-0.569033130891648	NA	NA	NA	NA	NA	NA
0.520081529047581	-0.622203563683857	0.375240361712334	1.13592161617117	1.14753885414603	1.93605517509886	1.33886330871657	-0.796763365549547	-0.717984106814864	-0.59014808721785	-0.168589895774595	-0.893882693072581	-0.931246648388007	-0.442869016051105	-1.29001346834014	NA	NA	NA	NA	NA	NA
2.50563939118021	1.25866791814803	-0.621220380832616	-0.641417493960488	-0.914165161558889	1.03455333222399	0.45773866396044	0.0418933742959526	0.446489187872428	0.0471332093756798	-0.948862971369982	-0.447261818617577	-0.356054361887454	-0.760464319251465	-1.10266856957826	NA	NA	NA	NA	NA	NA
2.16359441184165	0.920804728533108	0.50325051349086	-0.535485368091605	0.5345076249358	0.548225149324769	-0.788155174785046	-0.683888675202139	1.59019303468953	-0.486032296208993	-0.991537603193578	-0.134076076185554	-0.555966221496704	-1.09817053060744	-0.987263517044654	NA	NA	NA	NA	NA	NA
2.64269400909036	0.483356865463478	1.04940965234257	-0.0440753564992174	-0.795861481792181	-1.05180775806068	-0.817651339592303	1.05856624573366	0.529855298315654	-0.66653260436529	-0.294646189301141	-0.899444352324916	-0.429427015161535	-0.545163348234027	-0.219272625614431	NA	NA	NA	NA	NA	NA
1.49428020701851	-0.141755224755242	1.91476426245335	0.239766965856188	-0.17812880257618	1.91540482126014	-0.545574790938471	-0.778435193141037	-0.166665202533555	0.0971463023009129	-0.688967089160746	-0.855531370269693	-0.492605015749237	-0.527465262776039	-1.28623460698889	NA	NA	NA	NA	NA	NA
1.10639850720504	0.513807486232839	0.647020713711822	-0.100732222261817	-0.752435173202975	2.12126024098792	1.08086149829164	0.117112434274438	0.445372113925448	-1.46814744138269	-1.41638922423733	-0.424304038184427	-0.870498846306087	-0.361603749727433	-0.637722299326394	NA	NA	NA	NA	NA	NA
0.580996225958479	-0.119896287911973	1.94264558445792	-0.336076443879592	-1.02027689969657	1.83963425118177	1.19185782522846	-1.41790524293259	0.110903929673311	-0.106836633732121	-0.60419925481007	-0.120832398771724	-0.604855481664897	-0.31793446613138	-1.01722470696903	NA	NA	NA	NA	NA	NA
0.895571630563579	0.11486201797323	1.42608394713237	-0.644142211024775	-0.740538370178642	2.40183686528652	1.06162216317918	-0.302256057502291	0.0475856887050042	-0.760272718860681	-0.796661554283331	-0.526755941848232	-0.467551376020634	-0.735351997849187	-0.974032085272114	NA	NA	NA	NA	NA	NA
1.5234086701291	-1.14853334001457	1.42404067522468	0.700519901016164	-0.0156140710684963	2.04462851757713	-0.952909266636441	-0.648717635018636	0.229559600738807	-0.464837298674	-0.108835640407947	-1.03474648002314	-0.174026367321418	-0.630385864555917	-0.743551400965308	NA	NA	NA	NA	NA	NA
2.7865262649453	0.449188133240212	-0.600089578021669	-0.0336989049903735	0.677844694698211	0.794422726039724	-0.262562864560561	0.0512506111228612	0.454825892694426	-0.738093438099238	-0.660979883286203	-1.00839559261946	-1.47030809187932	-0.371839652997268	-0.0680903162866391	NA	NA	NA	NA	NA	NA
1.20779439384039	0.471613184554684	1.1447427248574	0.0750613983818746	0.179660078834516	1.23034845480834	1.97560305436522	-1.15494218944699	-0.293641513148782	-0.768330019855112	-0.849505438718866	-0.783625849310521	-0.459029880375655	-0.83783251409171	-1.13791588469478	NA	NA	NA	NA	NA	NA
1.00718456286831	0.127273689142995	0.851909896833813	-0.244730296520226	0.125607467326618	0.900979912885573	2.50536198821819	-1.03761984041415	-0.902786739281933	-0.0396829449862296	-0.38242743498375	-0.758162495730514	-1.42795870514753	-0.0768171914562782	-0.648131868754895	NA	NA	NA	NA	NA	NA
0.923111281768896	-0.427455682240761	1.56051914877767	0.284805405980755	0.0576258997003505	2.41488051553904	-1.18228694078853	-0.769673515187026	0.209964381988891	-1.22797600742032	-0.473742347370638	0.080155802357306	-0.649988946546195	-0.621713696218909	-0.178225300340524	NA	NA	NA	NA	NA	NA
-0.188894338955597	2.4826908565734	-0.373833440237684	-1.07158180131124	-0.646139134202382	1.65218015265502	1.04911153586384	-0.329600216030354	-0.0748704075103701	-0.633767722163499	-0.188789674520231	0.195498485141887	-0.541134966479243	-1.16368046076521	-0.167188868058337	NA	NA	NA	NA	NA	NA
0.924628068390205	-0.226514520664233	1.84837162795066	-0.0143703848796367	-0.387922586513169	1.65969865407482	1.54526758700842	-0.932551345479218	-0.261241902927777	-0.550429514016437	-0.976038591979933	-0.138276649912179	-0.570293272056699	-0.925320648440508	-0.99500652055432	NA	NA	NA	NA	NA	NA
1.74170498408219	0.25492142510395	0.622724306923966	-0.188762963081218	0.972235258210965	0.857387995513809	1.57378581715356	-1.5844670541336	-0.981944314913897	0.330036059976987	-0.526152644983787	-0.817956728087006	-0.589286790039738	-1.00424401497709	-0.659981336749092	NA	NA	NA	NA	NA	NA
1.9260160851748	-0.245303200307557	1.17191265014735	-0.522280800737353	-0.454291354254744	1.660630179663	1.06423118078856	-0.210829174388058	0.342490050764439	-1.12403410643654	-1.03586795167438	-0.17727832162299	-0.96498054906471	-0.757569096700902	-0.672845591350925	NA	NA	NA	NA	NA	NA
0.964480182668786	-0.521325632998216	1.58277457776608	-0.0271383707657978	0.074313007663257	2.48561284616378	-0.691214554896875	-0.543115810822828	-0.0764943815852185	-1.4527606794609	0.0651419313351448	-0.00932213060273069	-0.740626893600457	-0.713127821786831	-0.397196269077194	NA	NA	NA	NA	NA	NA
2.34061059267252	-0.852819663064189	0.0759277108221061	0.156341128598593	-1.34980353898011	0.833192098587332	1.39372994709266	0.313812491565254	0.442518443049221	-0.839619549793696	-0.391379950884228	-0.495712674625952	-0.058121517092746	-1.36461810677773	-0.204057411169032	NA	NA	NA	NA	NA	NA
1.04687752863357	1.77938534520885	-0.312475410099221	-0.41203968399996	0.699599643978876	0.00990106766118474	2.2231263467335	-0.312030828718162	-0.513861103920365	-1.18882545409004	-0.614757740929012	-0.984550023624334	-0.40804204116968	-0.850914065624399	-0.161393580040808	NA	NA	NA	NA	NA	NA
0.185390441692326	-0.296462566265722	1.93793505453772	-0.122422916401443	-0.294362211389838	2.29701404279257	0.628227626520752	-1.54798541129994	-0.203634324673023	-0.449457191183485	-0.383798864661393	-0.0153127592990522	-0.292458503238356	-0.254372240700934	-1.18830017643018	NA	NA	NA	NA	NA	NA
1.47294924343598	0.696605732511241	0.912640915672278	0.815666237233796	0.314910067068531	-0.696808331369594	2.11862723392815	-0.986465257853722	-0.618473841918122	-0.599205914797273	-0.0129324012340066	-0.57312541533819	-1.09646418903073	-0.858466134778723	-0.889457943529615	NA	NA	NA	NA	NA	NA
0.505680791707518	-0.509351618348774	1.80574951621806	0.342649578352951	-0.234380326000583	2.20280164442157	0.206032906109825	-1.59165536443867	0.357896921225912	-0.3519934885241	-1.01220142196901	-0.192216009344312	-0.0122942943513292	-0.475724723594422	-1.04099411146465	NA	NA	NA	NA	NA	NA
0.929163721883861	-0.00599017009118618	1.72988263946102	-0.0212536850446326	-0.0241039527776797	1.43756646345508	1.73496180857107	-0.583401866798428	-0.27036578519386	-0.732755203075838	-1.02262188532646	-0.39913211966487	-0.48667853350292	-0.965342020119762	-1.3199294117754	NA	NA	NA	NA	NA	NA
2.5005486126606	-0.762611074977028	0.768345334744427	-0.111122345552395	-0.698284983545198	1.26666807843251	0.313191069263726	0.907681930717219	-0.123067686340415	-0.745044334025308	-0.416503349384873	-0.351651147996253	-1.40976907573394	-0.721141769286883	-0.417239258976188	NA	NA	NA	NA	NA	NA
2.33553871354572	-0.141381748866849	0.50465265560299	-0.228928446868903	-0.117005647273894	0.373605542335236	1.68220626162551	-0.166381695483643	0.682079631210897	-0.75688389278716	-0.575591888473622	-0.63681530418051	-1.35000038183443	-1.20367387281789	-0.401419925733448	NA	NA	NA	NA	NA	NA
-0.168114903067748	0.2128588647117	1.35002110239025	-0.25632269166482	1.29768069876325	0.665353847680521	1.52804497434453	0.403245324462797	0.469705637247493	-0.185869279966129	-0.863400778467917	-0.785779571923709	-1.72422380679	-0.287885561424214	-1.65531385629599	NA	NA	NA	NA	NA	NA
1.09944857258306	-0.11890306013766	1.7526341276811	-0.0179893288028006	-0.184756081640814	1.32516337805943	1.7605971696687	-0.698991884715518	-0.292638509262033	-0.819490435040597	-0.788585982914972	-0.267006270724423	-0.4733658700381	-0.962343487628327	-1.31377233708704	NA	NA	NA	NA	NA	NA
2.1850054677923	-0.263118498215156	0.795072972494616	0.278198172299114	0.64357416549675	0.681577744110517	1.56259279570012	-0.136162871731599	-0.866022660919206	-0.675215607067909	-1.22808472579894	-0.928513530035744	-0.729710177810019	-0.405471833177792	-0.913721413137053	NA	NA	NA	NA	NA	NA
1.97814100147369	0.142694955540562	1.31095072790071	0.398833697521234	0.507881788108398	1.13775370488789	-1.14816931752035	-0.478900410159824	0.409671545649482	-0.56202512589071	-1.39745514002165	-1.23589041901298	-0.964475131805367	-0.357521718049111	0.25850984137803	NA	NA	NA	NA	NA	NA
0.868694046909159	-0.532362718578621	1.61630175344777	0.0307804880346846	-0.385727108269033	2.69520148409092	-0.561710173811603	-0.665443132142826	0.220747159334516	-0.529624535259697	-0.551614980408195	-0.881875150932437	-0.170085220871315	-0.766614082107575	-0.386667829435747	NA	NA	NA	NA	NA	NA
0.761021279196276	-0.526882948777705	2.15320244110354	0.285629789054069	-0.277339494266526	2.11595562511924	0.3586745115566	-0.908462253043682	-0.331242682707283	-0.301044538553069	-0.854220809747335	-0.193459133066916	-0.437370639450562	-0.752733264168778	-1.09172788224786	NA	NA	NA	NA	NA	NA
1.15054975166407	-0.0386100022228994	1.72506909330596	-0.142205811794926	-0.0988477747038917	1.38737158945151	1.70275711474667	-0.685175559981947	-0.408207877992306	-0.541289979914842	-1.01397172858794	-0.371533492070535	-0.484143453544535	-0.831074378583661	-1.35068748977072	NA	NA	NA	NA	NA	NA
0.973638803696977	-0.111066561258442	1.73597227489652	-0.0747871251455929	-0.0443588858319358	1.36960560675349	1.76427627888038	-0.668023379895993	-0.263638993552833	-0.601434206318525	-0.893363916806089	-0.337161650501045	-0.394463785702192	-1.03893309931594	-1.41626135989877	NA	NA	NA	NA	NA	NA
1.04019679870296	-0.112021487716974	1.7148131111464	0.117679986456388	-0.255836243911008	1.35482436473446	1.83099094703805	-0.688287944684297	-0.407373215356834	-0.698317819421327	-0.773148333258831	-0.329880036201941	-0.566894358628888	-0.93590124662917	-1.29084452226899	NA	NA	NA	NA	NA	NA
-0.945100521178643	0.600018169895915	1.37280710502944	-0.8012250746633	1.39018939556643	1.72809720656418	0.609947192347591	0.580913478528548	-0.885148823508339	0.0895349840558877	-0.481858067826993	-0.205269232559936	-0.954007919171843	-0.594963097594219	-1.50393479548472	NA	NA	NA	NA	NA	NA
2.30658383017187	0.00639709911518781	1.06602635740457	0.351261890320316	-0.644483849617382	1.76311130485743	-1.06926848621743	-0.59147716064384	-0.0106079660077611	-0.973092437689206	-0.380062849197417	0.124780700030802	-0.761761640207256	-0.665967193940365	-0.521439598379508	NA	NA	NA	NA	NA	NA
2.34755734059155	-0.0322180926602833	0.346225714610329	-0.300072047804922	-0.27445333550675	0.14680113099195	2.00048283967257	-0.114757244490515	0.593726630129459	-0.718726936200641	-0.620562074450006	-0.929233435909166	-0.927851471511593	-0.894406617255579	-0.622512400206401	NA	NA	NA	NA	NA	NA
-0.633207014078977	0.409544249228549	0.823324124927206	0.415280839813667	-0.260043676726088	2.53222392569352	1.13763953776098	-1.66906261436591	0.129591101888501	-0.136512127076889	-0.308400853431465	-0.107938861189351	-0.970858114047271	-0.611798911548965	-0.749781606847507	NA	NA	NA	NA	NA	NA
1.22390569696192	0.672584099950456	1.25604012852279	-0.452571204176051	-0.571761360811974	-0.234965093403599	2.40420473377734	-1.00636646895932	0.508840678031621	-0.334273032148154	-0.606660113958131	-0.244624504917099	-0.972498227652894	-0.821987973300466	-0.819867357916446	NA	NA	NA	NA	NA	NA
0.721514538768321	-0.552538492946543	-0.315814980950661	1.1947636073027	2.12734416020764	0.0495609090427701	0.951211252621042	-0.23579090929816	0.803965577726254	-0.240191140993542	-0.930256153413222	-0.271758566543143	-1.72299186711559	-1.17670251593939	-0.402315418468479	NA	NA	NA	NA	NA	NA
1.10217074881381	-0.0246409171375936	1.72874599798912	-0.0482506934584397	-0.176895613804903	1.24562263793121	1.71832060655074	-0.681047093549086	-0.276703364289939	-0.643281864308021	-1.06822467004801	-0.183850736364605	-0.381662612972031	-0.758473383898385	-1.55182904145388	NA	NA	NA	NA	NA	NA
1.0933670066455	-0.114195448613505	1.71138948086472	-0.0994668185908541	-0.148280322541457	1.37773751531552	1.76645856385133	-0.626807789828922	-0.431535226708905	-0.594485498809677	-0.89946481430539	-0.242727875487634	-0.499521681471836	-0.886873966129305	-1.40559312418959	NA	NA	NA	NA	NA	NA
-0.494167850359716	1.27574203444096	-0.365937866588884	-0.195094747247098	0.680523204606794	2.6979137695748	0.887201270289867	-0.529364737147905	-0.534221280378366	-0.744640837594903	-1.15883804904723	-0.869525725449287	-0.425126988223381	-0.146265610518762	-0.0781965863568903	NA	NA	NA	NA	NA	NA
2.02095880204852	-0.192751019588054	-0.678323492907921	0.289585031946289	-0.35426406901365	1.59186423299204	1.7577363801684	-0.168240761398857	-0.0661192670429472	-0.229191935639467	-0.316651096663674	-0.845799992037449	-1.10782318408477	-0.923390808670946	-0.777588820107521	NA	NA	NA	NA	NA	NA
1.01643004887762	-0.0411448693806178	1.73284674203449	-0.0494232923798335	-0.185880368980087	1.31881106867514	1.80980104444189	-0.669047311855071	-0.342802061706918	-0.459624401053711	-0.933881101993412	-0.28815886417387	-0.606919452736418	-0.864537892766946	-1.43646928700224	NA	NA	NA	NA	NA	NA
1.0855275840119	-0.0622281102187002	1.76826614216184	-0.137010897312856	-0.0971437543297664	1.35884557563601	1.74612776207749	-0.730961251962489	-0.462522435478504	-0.612820443553203	-0.919358096833406	-0.348017081205586	-0.48976793062898	-0.706975063934656	-1.39196199842908	NA	NA	NA	NA	NA	NA
2.08772669819062	0.0375604322542844	-0.0702812483449709	-1.01907599299819	-0.101865949623924	1.02967007692235	1.92365354231455	-0.184247685623945	0.664335832329649	-0.956624957604296	-0.857534543344506	-0.775332445660272	-0.610059962574045	-0.732905440949404	-0.435018355287896	NA	NA	NA	NA	NA	NA
0.952614805145459	-0.0973515611067167	1.75962972809739	-0.0453528352599885	-0.242460484251965	1.3550644705146	1.78454543736642	-0.667928464802332	-0.355232984664807	-0.539893508040554	-0.869114970070647	-0.110412177839779	-0.497333581369836	-1.01115831965349	-1.41561555406377	NA	NA	NA	NA	NA	NA
2.19767568736541	-0.136196571716382	0.614152162406597	-1.61754308734558	0.611767996433238	0.788823078000059	1.20495053253779	0.5162859514223	-0.263095909096338	-1.19512311762447	-0.83730998080641	-0.549875965003304	-0.885076813672127	-0.394625685683836	-0.0548082772169411	NA	NA	NA	NA	NA	NA
0.543785297176615	1.4130058661063	0.0955792422026671	0.879137521373876	0.125226509349719	1.66145049228041	-1.28197569259993	1.06028997541563	0.139936998660027	-0.252506841631962	-1.13665684755776	0.0819969978000372	-1.55977729014276	-0.911269133173971	-0.858223095258898	NA	NA	NA	NA	NA	NA
-0.342215570902845	-0.368410144245158	1.43618940120005	-0.527610411555665	0.558675953577962	2.56790460705763	0.950226850925699	-0.218078155921697	0.11029787765382	-1.26263125692997	-0.373060067539981	-0.262790378540347	-0.643204657497998	-0.801045893222885	-0.824248154058603	NA	NA	NA	NA	NA	NA
1.01286776929558	-0.0781363971898782	1.77030136645302	-0.127991089259868	-0.062806146604134	1.4224994390334	1.71055094538835	-0.693083682545447	-0.404411351961494	-0.584227048456142	-0.791823246217303	-0.267391372770239	-0.624743763817146	-0.834757175286035	-1.44684824606266	NA	NA	NA	NA	NA	NA
0.964053254534929	-0.0544115404942936	1.7777264121333	-0.0838700702561194	-0.219565026047335	1.42378818390398	1.71362673594042	-0.661364283885898	-0.338765768745397	-0.35989495262774	-1.07850824016154	-0.233284395794136	-0.59158375774874	-0.916872461718765	-1.34107408903266	NA	NA	NA	NA	NA	NA
0.57353423216885	0.539705013131567	0.871531283693865	0.65950539508011	-1.13349252917144	2.2957386869511	0.221985603535533	-0.456600409886207	0.788124039934401	-1.11303599631192	0.323457006042672	-1.22505388394002	-0.61255020630678	-0.743317413353818	-0.989530821567912	NA	NA	NA	NA	NA	NA
-0.666336358922738	0.633763051947871	1.57876089442247	-0.192186305666033	0.377330691927352	2.22489053610963	1.03299640305341	-0.677173050102146	0.0879235459625099	-0.475748767297766	-1.06292833646294	-0.110498784484315	-0.903919024850756	-1.15594647507789	-0.690928020558659	NA	NA	NA	NA	NA	NA
0.205234401994123	-0.946158047245743	1.93579572665931	0.565215894862525	0.583975112336402	1.96666881139223	-0.841719490806217	-0.988234997550371	0.611213208140905	-1.30600873617769	-0.254756185607459	-0.503216602598264	-0.313286760035052	0.0615933401301967	-0.776315675494882	NA	NA	NA	NA	NA	NA
2.21201481637492	-0.208095229181274	0.979510459919859	-0.515349672822815	-0.213150734929773	0.969599339753149	1.59529789190884	-0.317191649958166	0.333914199066398	-0.85245144815391	-0.679977221564654	-0.497539200682227	-1.04059620086021	-0.975835977530005	-0.790149371340132	NA	NA	NA	NA	NA	NA
-1.13596865971936	-0.403614787499862	2.48211057152463	0.0188652241162125	1.07855318794328	1.22008003953248	-0.714987119179169	0.681074814622431	0.179901771649595	-0.502621507658271	-0.398709867654932	-0.514094298164178	-1.3312552250197	-0.155536386933655	-0.503797757559501	NA	NA	NA	NA	NA	NA
0.485622228044756	0.708523566740673	2.1015542199816	-0.266333233474248	-0.186649507973762	2.15864806522179	0.202205504164027	-0.749281596877812	-0.402158805047175	-0.945907057637179	-1.18225534679481	-0.23261888146906	-0.467008345885339	-0.581516922113684	-0.642823886879782	NA	NA	NA	NA	NA	NA
2.7229666106294	0.271900214567321	0.721411890008115	0.0833298749297572	-0.0876544625898026	-0.420003484605171	-0.461775767017651	-0.0660416847711408	1.45653860912204	-0.553307657641317	-0.688648743286222	-0.52465422358762	-1.2222211066	-0.892295586459584	-0.339544482698139	NA	NA	NA	NA	NA	NA
0.825927412761314	-0.557256389367449	1.62516321416206	0.196999920870429	-0.364354238200744	2.42154594750258	0.134282785486496	-0.933998567760005	0.248293208892154	-0.277866486735017	-0.363070531756362	-0.343614050528298	-0.3856241665157	-0.652576574926572	-1.57385148388489	NA	NA	NA	NA	NA	NA
2.20706620555506	-0.291479431804744	1.11692520170864	-0.560609008244877	-0.132324907311812	0.902275857263346	1.51728857083068	-0.34434937576567	0.427948109260078	-0.797917834860554	-0.658472786351425	-0.572579980309761	-1.00505241552232	-0.940646884017058	-0.868071320429595	NA	NA	NA	NA	NA	NA
1.53133787927366	-0.334408558593667	1.55225336088964	-1.03764030128242	1.22488298713922	1.42239763015949	0.140228618197384	0.116602249208906	-0.653457547707024	0.146201884712643	-0.378220425117037	-0.385690524970575	-1.20807305855986	-0.972262118993846	-1.16415207435652	NA	NA	NA	NA	NA	NA
2.55229326945308	0.964094992760228	-0.898480318876128	0.153693998848525	-0.419708667872903	0.477081887659537	1.33259213931811	-0.180244381932619	0.0202688136923404	-1.34455161540946	-0.490707362540762	-0.986288170351837	-0.503527083042629	-0.406131470658221	-0.270386031047256	NA	NA	NA	NA	NA	NA
1.36237626716167	-0.657112461962925	1.39388752657249	-0.359128027985578	-0.379916431881764	1.27467859376029	1.54318537470839	-1.07957642068679	0.810323293513861	-0.562812204826964	-0.732686795081399	0.104188741162684	-0.615543988997854	-0.72282023271532	-1.37904323274079	NA	NA	NA	NA	NA	NA
2.27085678867602	-0.350836839053108	0.846083221074149	-0.687577344937129	-0.218915511028639	0.799841346376034	1.56317219758146	-0.201626077680636	0.642354247941694	-0.646844584820189	-0.475098301217091	-0.788531305334567	-1.18937316543862	-0.632983905344375	-0.930520766795002	NA	NA	NA	NA	NA	NA
1.01861929609181	-0.557285171101209	-0.481826393739566	-0.658478810724886	2.77483618225443	-0.679240558936613	0.82642995593028	-0.231141820964579	0.998930838854858	-0.36318958872634	-0.0222116567760404	-1.06739020309301	-0.540570183214734	-0.441047359110557	-0.576434526743846	NA	NA	NA	NA	NA	NA
1.34569766409466	-0.640743990700634	1.42143841678237	-0.313060151349898	-0.373300875301302	1.24765181168773	1.52830232451501	-1.12887333580724	0.833599516384559	-0.500286895927841	-0.767571427427741	0.0538326596241616	-0.651080313035081	-0.653571376857791	-1.40203402668097	NA	NA	NA	NA	NA	NA
1.31949863153165	-0.654157339666809	1.44179825855552	-0.315595030208926	-0.372259515892383	1.24579606868393	1.54356052155454	-1.07047438233915	0.848808663020286	-0.60853613163836	-0.666623500891136	0.0675672004527871	-0.689460026106423	-0.702507364570264	-1.38741605248526	NA	NA	NA	NA	NA	NA
1.81750291512175	-0.299914290067851	0.988948644974667	-0.336247953063691	0.486231143967762	0.608303148731512	1.96803723954267	-0.238316355412486	0.0652935725050618	-0.519027958789193	-1.43054302168442	-0.576260485794459	-0.545380260707233	-1.15601352789658	-0.832612811427502	NA	NA	NA	NA	NA	NA
2.86230048963069	-0.796581947837966	0.484868723770326	0.914488467031068	-0.703298517818544	-0.0676646549347622	1.11366374312161	-0.58063077214542	-0.0816139622961625	-0.119568339535501	-0.961593591875116	-0.417496956919368	-0.53422388810466	-0.542046208206913	-0.570602583879281	NA	NA	NA	NA	NA	NA
1.63618750871947	0.332124062425462	1.10636124536843	0.209259911012683	0.60330063791147	-0.790552515639994	1.96808328774893	-0.554842423881561	-0.388708384793539	-0.478687760554398	-1.54448599806803	0.294022397521339	-0.839977542663956	-0.697160678531146	-0.854923746575156	NA	NA	NA	NA	NA	NA
2.40333466844012	-0.187315885537073	0.795821118445358	-0.521310816912298	-0.29248368134025	0.554716953772313	1.53571636519969	-0.237140622582072	0.740779506916136	-0.655927849597724	-0.782523320780867	-1.04786248329059	-0.849227861605702	-0.680685999993606	-0.775890091133425	NA	NA	NA	NA	NA	NA
2.0927036316915	-0.517768412293907	0.521470343322989	-0.480910179563994	-0.236336339853522	0.750839043688649	1.94719985404646	0.118174675556269	0.640734121227698	-0.692372004847659	-0.708509736931692	-1.08749050935365	-0.868581204434496	-0.714945224243207	-0.764208058011439	NA	NA	NA	NA	NA	NA
1.34346453570201	-0.62699508597385	1.40752421977076	-0.341901855141073	-0.360396616819531	1.27093937106914	1.52487023148286	-1.21936104999379	0.814582176450987	-0.619678296403803	-0.669831325206571	0.0712421507695616	-0.636296167678564	-0.576993872018125	-1.38116841601001	NA	NA	NA	NA	NA	NA
0.775235281934617	-0.339139760514988	0.559320321213447	0.219329301706352	0.71607412910809	2.37539713293441	-1.40014460520542	0.453771557819284	0.684798806296249	-0.447769670290606	-1.22126985431417	0.215723774767298	-0.835476010510553	-0.600028366157888	-1.15582203878611	NA	NA	NA	NA	NA	NA
2.24037312045522	0.423513011343972	0.167930007871018	-0.269823146299313	-0.750041355428312	0.0831109155343839	1.33908722950619	0.544255903739164	0.617833807754978	-1.01216248000368	-1.15511441877075	-0.132070874220302	-1.79908794739784	-0.113286484312931	-0.184517289771793	NA	NA	NA	NA	NA	NA
2.05257574392048	0.554743979582448	0.272470402036571	-0.132839836791521	0.0156654352508185	0.779987186234296	1.60435089621812	-0.683580928108589	0.00189632937828796	0.157878756184738	-1.98987664567413	-0.761835842117522	-0.669660572475528	-0.632083088139933	-0.569691815498536	NA	NA	NA	NA	NA	NA
1.17842427858599	-0.442557856229372	1.73254870885461	-0.39532254244431	-0.692843012930383	2.30731154399096	-0.972816465947231	-0.543466138078929	0.643646114305187	-0.537045161805329	-0.73613372413149	0.0292619523600867	-0.620008225775234	-0.220596463038072	-0.730403007716485	NA	NA	NA	NA	NA	NA
1.34259439093807	0.409140284203499	0.505315443049287	-0.679187868084142	2.5185958171346	0.248648707607239	0.580889516789564	-0.806229509113119	-0.672960160317836	-0.068361252665154	-0.752912365069701	-0.12274936938498	-1.5476284255957	-0.600067183775464	-0.355088025716167	NA	NA	NA	NA	NA	NA
1.94051943702568	0.389554146652107	0.729955113575764	-0.561244096992116	0.00248862644184971	0.839902755233581	1.7142744545796	-0.4037858187526	0.308837761487166	-1.13317207706016	-1.23642048769466	-0.000476589551294645	-0.468497306582993	-0.905101932131003	-1.21683398623092	NA	NA	NA	NA	NA	NA
-0.0843364359886166	-0.525228828904353	1.18650946994	1.1403016830077	0.107259243367358	1.71519772971421	-1.44782912312075	0.604729816708586	1.31478850507374	-1.41442947083111	-0.654707653047996	-0.00451423514894589	-0.596540121796722	-0.970935627323389	-0.370264951649707	NA	NA	NA	NA	NA	NA
1.6880365926938	-0.884843216721072	-0.642906554416182	0.041608729231193	0.676102409792487	0.88252921138078	1.85508107227683	-0.596611024121796	1.05489044800633	-0.963420289324832	-1.03578510568104	-0.35711389560502	-1.21272036305438	-0.0526716923246787	-0.452176322132418	NA	NA	NA	NA	NA	NA
2.43710519100841	0.00695398038987024	0.371048647571023	-0.225743804677913	-0.0571337732547926	0.0793627780030619	1.85003201922051	-0.354293666795081	0.590209946692085	-0.452995963952649	-0.915227406052114	-0.775536767922736	-0.5416993072277	-1.04963505220364	-0.962446820798335	NA	NA	NA	NA	NA	NA
1.35747870823084	-0.640759337310606	1.4309375046221	-0.195168140089321	-0.38943112135222	1.20684459245119	1.53955636211371	-1.15762053086958	0.740284398266643	-0.694313770887345	-0.76925703534193	0.179282196135208	-0.549709826679121	-0.662696374702348	-1.39542762458722	NA	NA	NA	NA	NA	NA
2.2844976000107	-0.710347224085301	0.972763461930999	-0.351775787859743	-0.756132661300859	0.821669346877388	1.2360881318714	-0.256011501812092	0.644172089853325	-0.584140824660839	-0.412963122770194	-1.58881156072636	-0.181470908182115	-0.199801532933424	-0.917735506212875	NA	NA	NA	NA	NA	NA
1.45698276345679	-1.38799551851748	0.46895786727734	0.344783417215586	-0.756335297726354	1.3058635018083	1.93091604064444	0.188996034258828	0.501735290769884	-0.753369918066332	-0.932907860242795	-1.04060276805647	-0.614087419772826	-0.0677851085028645	-0.645151024546059	NA	NA	NA	NA	NA	NA
2.60505191616646	-0.727548148749986	1.02016225793971	-0.57828078608434	0.0342948078299221	0.0788837834798556	1.02915699472175	-0.897476610387001	1.0084152609121	-0.356493152505027	-0.674493725797911	-0.295972959331824	-0.911914934901341	-0.545234669504702	-0.788550033787664	NA	NA	NA	NA	NA	NA
1.08522111230754	0.164411599352964	0.957521669055206	-0.467871816603023	-0.172093338391491	1.56024947424527	1.72087619623661	-0.367870620358411	0.898200316408696	-0.849981603486999	-0.565367193692652	-0.76536620630519	-0.763606545904929	-0.974204075319976	-1.46011896754362	NA	NA	NA	NA	NA	NA
2.10973972275182	0.850477866600067	1.01927979880302	1.10058892642598	-0.514766964713231	-0.0133735000259752	0.794208953416929	0.342510929536024	-0.712349556609813	-0.76061536118113	-1.01966464400411	-1.30061504846694	-1.21902631451521	-0.215438091102932	-0.460956716914505	NA	NA	NA	NA	NA	NA
1.69211842479778	0.835011202216847	-0.24940520629174	0.397164742315591	0.891692076028194	1.02422072904297	-0.362302011748437	-0.0100474079975043	1.38492924044547	-0.55993188215288	-1.61099859483602	-1.41133645162836	-0.860675977194717	-0.50528588248023	-0.655153000516963	NA	NA	NA	NA	NA	NA
2.33308715530231	0.855262483297541	0.121394934304425	-0.901177286084193	-0.686619627575504	0.252503380493244	1.28670685144494	-0.403599839248381	0.907913667192472	-0.295282165908281	-0.476149973208303	-1.02939992222543	0.00450597585419033	-1.48855297960797	-0.480592654031064	NA	NA	NA	NA	NA	NA
1.84503583894159	-0.441804809587519	1.6296086265166	-0.386611138316389	-0.539789569666848	1.63772707119873	0.815758647161485	-0.471249641081451	0.21664295103744	-1.00178075068046	-0.621555278127164	-0.0622277536061922	-0.936836635435928	-0.837788077277763	-0.845129481076123	NA	NA	NA	NA	NA	NA
1.53237588694693	2.07671928010648	0.876779096047467	-0.0465194921736695	-0.224445585840451	0.82389037189341	-0.402919175873911	-0.560155365993143	0.638483130869107	-1.11139541915653	-1.25584656774603	-0.0208209290079266	-0.386801968585692	-0.732732863007757	-1.20661039847828	NA	NA	NA	NA	NA	NA
0.667579860260965	-0.680124889016545	1.11296758857375	0.615723429405064	-0.232459565112023	1.23764507695452	0.963972967152985	-0.00634395054213777	1.59092195375056	-0.0708974057887872	-0.798798712536253	-0.389028306119886	-1.70034447082856	-0.96529414355032	-1.34551943260333	NA	NA	NA	NA	NA	NA
0.803746135062364	-0.620491991878631	2.08225234478218	-0.224954895251402	-0.365015620808391	1.96713494855169	1.18688135276013	-0.803847697638056	-0.621548828790512	-0.272746415825858	-0.685978736495392	-0.502986095505259	-0.45352905188073	-0.859542327357476	-0.629373119724653	NA	NA	NA	NA	NA	NA
0.29546311201116	-0.589449558648401	1.96127097384312	0.639299292071166	0.669955108342837	1.93366509532206	0.0301841037330456	-1.20264053409102	-0.114382884360637	-0.665139141664445	-0.735160330853474	-0.222994817433446	-0.391399172774583	-0.0355633404751891	-1.5731079050222	NA	NA	NA	NA	NA	NA
2.28505293403538	0.230854914335296	0.834359653382674	-0.0526829037340696	-0.682282166746822	1.06676084301719	1.27492181823134	-0.415634539841966	0.409526500320241	-0.319844458087374	-0.830344821279957	-0.876374743968218	-0.896691223681738	-0.876981954158571	-1.15063985182341	NA	NA	NA	NA	NA	NA
0.111374545594883	-0.0801830057323881	0.933931898590754	0.326471777098966	-0.35950699297655	2.6238223994536	0.948119334998682	-1.29755452130688	0.351555778559172	-1.09516895030006	-0.646076012255569	-0.052125976218251	-0.215358610659421	-0.318349653913255	-1.2309520109337	NA	NA	NA	NA	NA	NA
1.64420037158854	-0.0263304124030521	1.39591400377402	-0.194062915986027	-0.399280639919477	0.746096879107346	1.11072151536838	-0.152086070002111	0.836192037230239	-0.902828113488924	0.0643912709360955	-0.127780492523817	-0.784167210345042	-1.73168927876968	-1.47929094456649	NA	NA	NA	NA	NA	NA
0.999670966864066	0.251644795424192	1.76986694263603	-0.66908301892081	0.141302932998413	-0.109644992111526	2.14523163741951	-0.488987150622133	0.419504136042652	-0.301254122280528	-0.445450438165513	-1.40799282084928	-1.18020710923996	-0.487284223423907	-0.637317535771205	NA	NA	NA	NA	NA	NA
0.900198526908083	0.939688523161242	-0.0471349902897052	-0.770312865776568	0.378273026498201	0.6077363597082	2.70236761415043	0.049895742373764	-0.119671976757489	-0.635204451316428	-0.910749457889297	-1.07067313724968	-0.923336104958309	-0.407423153986519	-0.693653654575927	NA	NA	NA	NA	NA	NA
1.86554640143965	0.982708161539137	0.361215621292668	-0.720189087278199	0.720872265918109	1.55068160646633	-0.862150312403866	-1.09338179409339	1.12489791540784	-0.902105831298696	-0.514735465215891	-0.566365655393898	-0.696802264398877	-0.390703697746041	-0.859487864234867	NA	NA	NA	NA	NA	NA
2.62628194687757	-0.100131145582351	0.556533899552818	-0.51131222848923	-0.324199009922322	0.363995003245048	1.72829748816692	-0.166676721485972	-0.26595309724351	-0.220289263613662	-0.635504973623608	-0.913005351427836	-0.440596297549708	-1.22126238096562	-0.476177867938529	NA	NA	NA	NA	NA	NA
2.2900633575061	-0.253398929629785	0.731443577153435	-0.243031028759807	-0.175349204497853	0.866256265635834	1.75938535102892	-0.561591047607175	0.208568138286063	-0.459985117422588	-0.768445108968068	-0.496008025129547	-0.969665073899944	-0.879190941457263	-1.04905221223832	NA	NA	NA	NA	NA	NA
-0.225219729505091	-0.274829019440353	1.4038905858054	-0.0869372529285432	-0.11965766260323	2.44635175583794	1.1347450257759	-0.208110520263399	0.256949188613743	-1.53841509427353	-0.967086350202766	-0.444429792967993	-0.240663314678536	-0.183576750389526	-0.953011068780012	NA	NA	NA	NA	NA	NA
1.64364163367812	0.00211607834572039	0.384767658655187	0.663304240429066	-0.0526135724726525	1.27507699488446	1.65043255780851	-0.569327273875503	0.247593033973891	-1.38126824893584	-1.25071275896222	-0.25924034217337	-1.31744270328718	-0.234937877826385	-0.801389420241792	NA	NA	NA	NA	NA	NA
1.23742299975926	0.353740821068684	-0.435284872748991	0.423856748672136	0.184324791568719	0.785000744895684	2.22725026291648	-0.474336805767133	0.501956183855262	-1.58160073674723	-0.701676570691904	-0.819581222353652	-0.196457375795985	-1.4771076142808	-0.0275073543505284	NA	NA	NA	NA	NA	NA
1.59871403913231	-0.508792240310806	1.99383033090708	-0.0722170312008936	-0.272147462071419	1.76591816101017	0.360882017379421	-0.478974548002952	-0.515267945529989	-1.24882877221994	-0.515129872079331	-0.263499256618219	-0.136837842808369	-0.764767469786642	-0.942882107800416	NA	NA	NA	NA	NA	NA
2.29073838313928	-0.52919926661014	0.494514694761657	-0.267210176364447	-0.533601113572086	0.838442746276395	1.52220822520769	0.108397763984938	0.515593021861448	-0.597801686030307	-0.280261400535786	-1.09306848678331	-0.118864930968141	-0.884881778393203	-1.46500599597399	NA	NA	NA	NA	NA	NA
2.31949370117658	-0.544450160477942	0.839669660183057	-0.472571565270879	0.176291565093409	1.0207375372415	1.16908146396536	0.0370126959659504	0.576162819452464	-0.525036446226466	-0.862483932676841	-1.13251509767462	-0.721051768136924	-1.06705026179271	-0.813290210821934	NA	NA	NA	NA	NA	NA
2.2482467680545	0.0197294576490011	0.820360711391594	0.0508602405246076	-0.57181622500698	0.484472570707367	1.30264540506234	-0.73670158164355	0.954659605452126	-0.448203404217539	-0.680669978546495	-1.33036112181433	-1.35448015049387	-0.368835111997355	-0.389907185121412	NA	NA	NA	NA	NA	NA
1.20588441861371	0.466451692669846	1.40344601386002	-0.422872803537043	-0.268402921470642	-0.096707772702752	2.51284460652223	-1.01236457017182	-0.250841264673914	-0.264714298217749	-0.565705309341168	-0.165750892584194	-0.762589192110586	-0.649296585247254	-1.12938112160869	NA	NA	NA	NA	NA	NA
2.22145675352143	-0.360433586729271	0.638135237126858	-0.167673982652884	-0.496944532738589	1.06810064878229	1.70357673683431	-0.207907439847808	-0.0319130243350154	-1.36053799480753	-1.04791556368979	-0.138271471469702	-0.662033936987607	-0.789786435244356	-0.36785140776234	NA	NA	NA	NA	NA	NA
2.35969760336264	-0.0467205366102776	0.547188912735534	-0.28787591641514	0.144852367825185	0.978857700974065	1.43737819169131	-0.557420948469358	0.47464277578987	-0.563198678399958	-0.685556645354586	-0.946602927713699	-0.74288196161088	-1.05817755405904	-1.05418238374566	NA	NA	NA	NA	NA	NA
2.04471828268227	-0.524194199149831	1.18097903036714	-0.383335168598654	-0.217010111067881	1.3123950213106	1.53882968862705	-0.613142679258203	0.177296135187018	-0.714050615327669	-0.676411388691472	-0.928532150435825	-0.669203011610214	-0.685028909395973	-0.843309924638363	NA	NA	NA	NA	NA	NA
0.736372980161132	-0.314291598765722	2.07382089394988	0.208008173898097	-0.463606272158256	1.90530766509062	0.879915514376473	-0.653277614282866	-0.247368881658611	-1.0388616515727	-0.388684560851019	0.0653154514220261	-0.636836535345129	-0.999839445392091	-1.12597411887183	NA	NA	NA	NA	NA	NA
2.33079248590436	-0.0630430629575029	1.04439345074798	0.110186565975058	-0.0161034981174421	0.39231803502955	1.03877115756526	-0.282723317351641	0.182383913208166	-0.900630994971343	-0.958206113152975	0.374883886094513	-1.51037197664122	-1.34283694957023	-0.399813581762528	NA	NA	NA	NA	NA	NA
2.44113722272865	-0.286069635212017	0.681407633505098	-0.338807025490436	-0.306505877684294	0.574775139767311	1.72399651697886	-0.448393749778077	0.361289008089387	-0.200159215594699	-0.705358729665812	-0.778250059554098	-0.773406456544427	-0.878933678198823	-1.06672109334662	NA	NA	NA	NA	NA	NA
2.15229804678764	-0.0976195030930147	0.583186928244271	-0.202960177362555	-0.28171964161758	0.729379524445461	1.95068726993065	-0.748661621252028	0.455466295002896	-0.373685459766458	-0.730884892364432	-0.761692364634716	-1.04650144599955	-1.05765817216735	-0.56963478615324	NA	NA	NA	NA	NA	NA
2.18641294783576	-0.0898204371590527	0.866381025586697	-0.482837136214167	0.000521282196796292	0.686898476548977	1.72589602202378	-0.397953003882363	0.523601339254766	-0.632896984378582	-0.749960927619959	-0.704595078599487	-0.879489999393009	-1.0812103320657	-0.970947194134465	NA	NA	NA	NA	NA	NA
1.28799811121332	-0.122182727630189	0.475966577495399	-0.264801442534554	-0.230200453633587	-0.296809175016749	2.21758856392415	-0.249575635513897	1.67695303223924	-0.815167175582795	-0.479827828237097	-1.25772799862339	-0.4323055601179	-0.372324942492317	-1.13758334548964	NA	NA	NA	NA	NA	NA
2.15753792789912	-0.55315322563665	0.860784263690438	-0.00983139365407892	-0.482440423692098	1.41756181369706	1.38117667647475	-0.297912366846447	-0.0932942228613379	-0.0715240061889574	-0.930848678717932	-0.367718986833879	-1.05676575642257	-1.07395430153911	-0.879617319368306	NA	NA	NA	NA	NA	NA
2.08022737023805	-0.904772813620982	0.0717191280129256	-0.506810604109066	-0.0689955820689717	1.67359376658397	1.38178933839694	-0.73752685540472	0.721439736340808	-0.210481264272687	-0.827372614825762	-0.891522008762909	-0.873561991789042	-0.692449753131179	-0.215275851587372	NA	NA	NA	NA	NA	NA
1.73154640065549	0.44672865520579	1.01144827124255	-0.357755183630099	-0.564544218341026	0.669400638534063	2.04818776394715	-0.523149023107728	0.421153036935741	-0.85972589425913	-0.616574072529861	-1.10644710551154	-0.519426090299753	-0.750409388167612	-1.03043379067403	NA	NA	NA	NA	NA	NA
1.07391926237923	-0.2640560714558	0.870551486824038	-1.11014338985577	-0.0638552167533571	2.09293519800347	1.65162493506955	-1.13807906500191	0.375047596977009	-0.461246689008378	-0.666633559287808	-0.45390107648072	-0.546197416615928	-0.40409498882753	-0.955871005966109	NA	NA	NA	NA	NA	NA
2.0765908773996	0.00347905941391213	1.46786456359458	0.0544291130852391	-0.972582294675978	1.10058366113308	0.765822768435539	0.025814523219964	-0.197436525692535	-0.779425822619889	0.214255458671673	-0.950059252099734	-1.42084181467192	-0.371707060394069	-1.01678725479947	NA	NA	NA	NA	NA	NA
0.737853337261381	1.67308489047824	-1.04977568569188	1.42131963938707	-0.387947727101448	-0.0321663631527665	1.78124614506238	-0.0835361709332353	0.303498264236252	-0.501759130120984	-0.972695040220301	-1.47788355167652	-0.621598724005247	-0.271273881153274	-0.518366002369669	NA	NA	NA	NA	NA	NA
2.53338035537736	-0.428429670078067	0.768656262783873	-0.615339122255266	-0.144307427748444	0.793085857306939	1.16328774406672	-0.331517747412224	0.43600877490555	-0.961160088901746	-0.499795648466194	0.194499634329401	-0.867274614506124	-1.21960580285041	-0.821488506551362	NA	NA	NA	NA	NA	NA
2.41850283521244	0.189095805788476	0.609743562168775	-0.196039568367496	0.224783049269828	0.256399718360252	1.62743252991099	-0.218341415899792	-0.277769982356278	-0.170506837565289	-0.583394981796225	-1.18131750584698	-0.432996229842865	-1.51773948794109	-0.747851491094743	NA	NA	NA	NA	NA	NA
1.22876719361082	0.181249198500567	1.64621782954601	0.0226456203078073	1.18936368945156	0.217655867037004	1.43754736964242	-1.04495195371041	-0.0158595135035644	-0.234157445739844	-0.594919503956028	-1.49968702669997	-0.400281249425493	-1.19310190016987	-0.940488174891023	NA	NA	NA	NA	NA	NA
2.48525591868434	-0.647098873666432	-0.0937360637583204	-0.292945119706003	-0.00654087429501894	0.715301044231056	1.85977102635221	-0.0696668429545253	0.260257090305624	-0.684737701886428	-0.756562972858939	-0.732005517192221	-1.10365518535312	-0.601262736112035	-0.33237319179018	NA	NA	NA	NA	NA	NA
1.0538507935391	1.50705537602989	-0.292679351831844	0.586158781230086	0.0861873270940472	1.33743877716332	0.291517359546569	1.25144722717334	-0.363519913577654	-1.96654234155137	-0.538693195467249	-0.641292163224245	-0.357144801843769	-0.928952506157722	-1.0248313681225	NA	NA	NA	NA	NA	NA
0.803221680763513	0.70985520205619	0.198726128452255	-0.527699975235655	-1.16925981709294	1.33996645910126	2.23249394288713	-0.025135160310228	0.56822252910303	-1.60101804132816	-0.282086575294351	-0.373362598993099	-0.727387909569607	-0.790256503539589	-0.356279360999759	NA	NA	NA	NA	NA	NA
1.88138634522348	-0.515721807502939	0.617086774276624	-0.131685700197807	-0.360790149593769	0.916842948180748	2.11918509879881	-0.254016856944668	0.0796182187078522	0.0380175048850867	-0.995333007026141	-0.419637432428419	-0.699595319768668	-1.04436856182497	-1.23098805478521	NA	NA	NA	NA	NA	NA
1.3380951088935	-0.369589186683791	0.370644094788956	0.173335045308393	-0.100731867021325	0.338149967252688	2.75598313766409	-0.584547624961033	0.479642374531036	-0.785353776063079	-0.676550021883889	-0.750467424117407	-0.976245178422258	-0.985737736788652	-0.226626912497228	NA	NA	NA	NA	NA	NA
1.63226387789834	-0.44558882184262	0.820803855897138	-0.0338527600963244	-0.534769150713745	1.41801456785023	1.7925103013788	0.247431571559181	-0.0855392323846499	-0.945824767042833	-0.262788923438377	-1.05040138194179	-1.31494944504539	-1.02013904337157	-0.217170648706382	NA	NA	NA	NA	NA	NA
2.10913503143129	1.42452894865398	-0.0139674541051666	0.321127724413024	-0.958911319985878	0.849433954707093	1.0121490199318	-0.215994618679759	0.27470375238326	-0.733931693604992	-0.958875954493125	-0.712665218301522	-0.2065453545981	-1.42992731386095	-0.760259503890957	NA	NA	NA	NA	NA	NA
0.555967507902456	-0.26577024480135	1.18170732608284	0.114849176366494	0.803167997016267	1.1511393959225	-1.58756392573684	0.490133368097492	1.67010831617121	0.0591580421243696	-0.500388881201131	-0.353174707882273	-1.75396158867094	-0.710593719570687	-0.854778061820416	NA	NA	NA	NA	NA	NA
2.3887637182765	-0.430557136719137	0.658293057599927	-0.311304960783457	-0.277164773271276	0.713840919951379	1.72717410892394	-0.633116676328416	0.409328448467555	-0.273737201268336	-0.738249146533836	-0.525740434396005	-0.655194293547133	-0.960613829387003	-1.0917218009847	NA	NA	NA	NA	NA	NA
1.68963111131311	-0.73073926448888	0.707828588663306	0.152370063633181	-0.346056364110494	0.279470793018391	2.3909991509209	-0.192323599260337	0.374367289787181	-0.0246053298173157	-0.998797317304739	-1.01379521690894	-1.14259588708993	-0.513001969789192	-0.632752048566238	NA	NA	NA	NA	NA	NA
2.5884305921176	-0.228465594398726	0.909085028156408	-0.0630822576622344	-0.365877914291345	0.969767183138891	1.10810685308294	-0.628765767540102	0.152036726653913	-0.358481466052929	-0.875069820339767	-0.463062039704092	-0.980917641342065	-1.0696423494376	-0.694061532380891	NA	NA	NA	NA	NA	NA
2.36132368069257	0.127952233183618	0.247004013996624	0.0452708519166181	-0.407158513144372	0.581960713959814	1.68872596142496	-0.410934551526347	0.60422275274019	-0.73525973223264	-0.382616772435659	-0.858472248677934	-0.522149721751856	-1.27093961396338	-1.06892905418221	NA	NA	NA	NA	NA	NA
-0.782544461187141	-0.110021846785909	1.78902625830796	-0.105959767548242	-0.478153618730946	0.525424168576499	1.73985036138097	0.53167119442019	1.42263717193915	-1.03660824842117	0.0513597097897444	-0.684146349498228	-1.12672218547884	-0.822908860315486	-0.91290352644854	NA	NA	NA	NA	NA	NA
2.46909726936843	-0.577209419330592	0.706252447323519	-0.893116649805604	-0.220761176391973	0.512374696269493	1.60404969145408	0.0307942418093624	0.516808090864685	-0.627061879837314	-0.307686552755761	-0.815638893813557	-0.984031309367775	-0.688449460248758	-0.725421095538234	NA	NA	NA	NA	NA	NA
2.25175552484124	0.28840187846555	0.868259388851501	-0.869158922849515	-0.661753524197877	1.32342119087833	1.06511371842789	-0.295703281758896	0.465257948256371	-0.471162881113258	-0.804327425754151	-0.43039248410627	-0.578351528101837	-1.13284840526632	-1.01851119657276	NA	NA	NA	NA	NA	NA
1.36588335651578	-0.156513367877733	0.747458385659906	-0.0219483239684017	0.0619984668519416	0.398017370240952	2.4500200315961	-0.653751285410487	0.476722847625425	-0.30536172875142	-0.972869417685484	-1.47894843601556	-0.304518577666811	-1.04958243781726	-0.556606883296953	NA	NA	NA	NA	NA	NA
1.91122572605852	0.760175130836079	0.447511313142691	-0.532883575023141	-0.204639468927872	1.26224824498265	1.55141916394091	0.437893114642697	-0.634723706105754	-0.30856253870127	-0.623857014719468	-0.897616542664158	-1.02292193727236	-1.14633748089894	-0.998930429290582	NA	NA	NA	NA	NA	NA
0.507985276382275	0.952053439588237	0.972549798935183	0.721543270453948	0.102185669903441	-0.077548355311397	1.89425682158867	-0.223285581945703	0.541169706243471	-0.822429740619521	-0.0451549615960404	-0.212801045218274	-1.62545716867989	-1.81743568710723	-0.867631442617178	NA	NA	NA	NA	NA	NA
2.61339131948597	-0.224736195931546	0.418424227858636	-0.498653962570806	0.527974358950936	0.596272082766883	1.4344304311898	-0.323315910376281	-0.00621315921323739	-0.693980894498425	-0.302856101595159	-0.739032912190967	-0.980351247737759	-1.19372543675779	-0.62762659938027	NA	NA	NA	NA	NA	NA
1.91626746547702	-0.357859883912794	0.223660057449505	-0.177774158435585	-0.159408944901992	1.29836883323434	1.88683924754902	-0.0262623933561759	0.197831815323325	-0.499810107259365	-0.398254268398162	-0.629484671483113	-1.37515692273579	-1.34211292295469	-0.556843145595537	NA	NA	NA	NA	NA	NA
1.63640341458585	-0.036591544577665	1.16715645735795	-0.774176077495674	-0.097780285895135	0.327382050009064	1.3711764782346	0.628270604784949	0.974911256563613	0.121481060721225	-1.40950792021184	-0.771579215404511	-0.940645822746806	-1.34651912556721	-0.849981330358414	NA	NA	NA	NA	NA	NA
1.36954578472998	1.23978778575437	1.02427514458806	-0.793803705729584	0.189665898690286	0.540962404652858	1.36420404082637	0.202886234655198	0.119869343711094	-1.83712954361253	-0.738013533861848	0.076851060894633	-1.11607857067923	-0.555239262892354	-1.08778308172729	NA	NA	NA	NA	NA	NA
2.76652963840444	-0.307297407328603	0.600529279089339	-0.127140974756486	-0.244960032296392	0.00305971263347497	1.45610978037933	0.0366005005244501	0.318274606054504	-0.356721237398384	-0.896052471143843	-0.903461963835882	-0.715821011830685	-0.867229982844349	-0.762418435650915	NA	NA	NA	NA	NA	NA
2.0739645302018	1.35386715175619	-0.0206811810540728	0.243461735317327	0.0938497325517645	-0.477968542022552	1.38872823393749	-0.206638695759488	0.418875167484041	-0.492804772086548	-0.189434241634075	-0.505563069744093	-1.59526931563308	-0.750238179911906	-1.3341485534028	NA	NA	NA	NA	NA	NA
-1.40403157171824	1.07132009657157	1.38300496741807	0.765915156520039	1.01260714124947	0.467588747766084	1.06132359638056	-0.206927343112654	0.62036301558082	-1.87120328274148	-0.298122474216296	-0.68181137483495	-1.00763747856929	-0.236143921714097	-0.676245274579594	NA	NA	NA	NA	NA	NA
2.89739731789396	-0.374181380295375	0.08137280282859	-0.16560779291752	0.311683787837994	1.15461499883915	0.287229200031381	-0.0341401748605047	0.368003660092309	-1.05428301524768	-0.561327434348356	-0.684473351715839	-0.437720357896491	-0.675809980140547	-1.11275828010107	NA	NA	NA	NA	NA	NA
1.89098256012212	0.95498032786235	-0.0466400535983318	0.731339161927216	-0.405530201383731	0.5007646245548	0.822500318205298	0.113023062999931	1.09043724822577	-0.444806222783963	-1.71066930252831	-0.684385973957915	-0.660500892969181	-0.664493953817018	-1.48700070285905	NA	NA	NA	NA	NA	NA
-0.322144011189217	-0.579099407468049	-0.382240375663878	-0.82571640660325	-0.17521627763598	0.0947235125855493	-1.74747385732934	-0.808755425240367	-0.79207821636536	0.908967299923029	0.683234522743069	2.48947750956708	0.515691653458603	0.752521568726605	0.188107910491497	NA	NA	NA	NA	NA	NA
-0.701729372897411	1.46169140034057	-1.62449487418454	0.368962236099084	-0.257076442763164	-0.597912797508418	-1.3253884272991	-1.16877451526849	-0.846973654752564	1.08305503277979	1.02574053646954	0.67852581354125	0.837983925579679	0.966736486722726	0.0996546531410553	NA	NA	NA	NA	NA	NA
-0.954376962250722	0.126446642127069	0.193970335982729	0.219805524452847	-0.826854483490004	-1.39554443318515	-1.64468550275507	-0.968214946357692	-0.219615117148597	0.810929734580543	1.34399894713342	1.30653778725681	0.653975846065667	1.43527385640194	-0.0816472288137841	NA	NA	NA	NA	NA	NA
-1.29097991717925	0.0789506038558052	-0.80147932572848	-0.130787414535697	0.62537018169197	-0.798978409072791	-0.831390315336361	-0.764457845354532	-1.50363397106089	1.07791363732018	0.934522741361149	1.9363063803769	0.899668724887108	0.700363077738746	-0.131388148963852	NA	NA	NA	NA	NA	NA
-0.0411052861181739	-0.652062907803434	-1.35301994108244	0.370740544753724	-0.666520787176753	0.323585047134736	-0.680721024199062	-0.881088047380622	-1.65035928560406	1.66321425874699	1.25188951132707	0.656512739245651	0.99849982396827	1.07622880646836	-0.415793452280256	NA	NA	NA	NA	NA	NA
-0.417765740327091	-0.494440244297194	-0.724579543758794	0.37023820702339	-1.11050642486687	0.663844607030761	-0.254322057429833	-1.58200674967551	-1.53583043595381	1.32006169128313	1.07265638412745	1.14003301522434	1.02690264504584	0.945955984084487	-0.420241337510315	NA	NA	NA	NA	NA	NA
-0.950968167860264	-1.0831662490918	-1.67720441568715	0.48805063536476	-0.617124028697208	-0.838129522304548	-0.345949943248193	-0.0641687078809768	-0.696634323639511	1.67367445287863	1.10029212553717	1.09552998748692	0.938081521692735	1.04059379580907	-0.0628771603596463	NA	NA	NA	NA	NA	NA
-0.790639831242837	0.160873375671828	-0.540185707985746	0.416338786733898	-0.88794172454777	-1.2439534465538	-1.52121107206263	-0.384284581930703	-1.166768443578	0.759110987804537	0.383818413931182	1.21149677847219	1.03351956279282	0.999042477017544	1.57078442547748	NA	NA	NA	NA	NA	NA
-0.764728664177886	-0.59019765595253	-0.950318255785833	0.569436737811734	-0.646014226519457	-0.561395836616554	-0.0567317458559896	-1.89882822853074	-0.602817132809904	1.58355449388802	1.23216814680312	0.967042991035937	0.913207602726983	1.11531416645351	-0.309692392470412	NA	NA	NA	NA	NA	NA
-0.560402783434418	-0.432308291158284	-0.26906392164299	-0.684203841816208	-0.758549146536719	-1.51317223066539	2.72550828804217	-0.23253379380114	-0.614914571578203	1.10402603796994	0.215771438761293	-0.183143396319732	0.894649135581638	-0.0531336292719886	0.361470705870038	NA	NA	NA	NA	NA	NA
-1.64440860562875	-0.145596569128014	0.0294365465483241	0.684263032991943	-0.736270740970166	-0.408294649378486	-1.52094350966046	-0.815303689106948	-0.895322413416027	1.29722149588762	1.22664126545434	1.23656873347837	1.01682036070832	0.749207510829589	-0.0740187686096521	NA	NA	NA	NA	NA	NA
0.535605557690717	-0.910828168334502	-0.20642172218508	0.149666112728573	-0.803720033256016	-0.209633889080676	-1.79014839069204	-0.253595297190789	-1.04582255875602	0.631437115748669	0.931607737408284	2.23926561887244	0.729700688519875	0.691561850584261	-0.688674622057699	NA	NA	NA	NA	NA	NA
-0.042199880618933	-0.459038121255846	-1.02135412332737	0.395647088162654	-0.795787751053104	-0.715928552695276	-0.0541681362059514	-1.54147438401219	-1.42780132506497	1.55230385842361	1.05096183074839	1.20297823649417	1.04685044685541	0.970105354909384	-0.161094541359976	NA	NA	NA	NA	NA	NA
0.398720241248833	-0.208259259293666	-0.693119904875924	0.530124159931384	-0.399825332990568	-0.262722530966218	-0.76357446846902	-1.61397278135728	-1.88394771866743	1.1369023618941	1.30443997149828	0.755784440533346	1.05194839492221	1.09464712743502	-0.447144700843074	NA	NA	NA	NA	NA	NA
-0.0746094288914505	-0.455957539319923	-0.400193433836762	0.66960730244287	-0.810369546370795	-0.33880708400127	-0.217623336766002	-1.88136716919949	-1.68436230931267	1.41808034468608	0.889533495825799	0.998398229099951	1.00400586356173	1.06835428614702	-0.184689674065096	NA	NA	NA	NA	NA	NA
-0.272930860265721	-0.415597293495804	-0.755338174179152	0.629782086853356	-0.806949892417174	-0.0376907765717236	-1.01968141870335	-0.949803229392032	-1.5345575687178	1.43425759544501	1.46908394053544	0.902180840070358	1.12731658961541	0.98380971129722	-0.753881550074038	NA	NA	NA	NA	NA	NA
-0.836575659272193	0.15008795463162	-0.106389531254024	-1.16622904301814	-0.715904410734334	-0.664684527093513	-1.11611488816039	-0.838860109778011	0.0575039866861844	1.35702102172344	0.0638107835155484	2.52788482961777	0.155991464308713	0.787398854769966	0.345059274057361	NA	NA	NA	NA	NA	NA
-1.47908250662868	-0.166994650799302	-0.998903759378111	-0.216086989774122	0.549194061335549	-0.696777689857642	-1.08105989440152	-0.125824292260411	-1.36642934970644	0.46486253623883	0.885826430189313	2.01566689041248	0.43210537958327	1.0653953120155	0.718108523031278	NA	NA	NA	NA	NA	NA
-0.327366883133427	-0.00132544003560872	-0.834936718523037	0.200120199084615	-0.179053971672283	-0.612080745071209	-0.91183219035941	-1.25814566171868	-1.58498874643606	1.44096352002894	1.4813863855856	0.597687843755677	1.30421478011203	1.13591737536709	-0.450559746984228	NA	NA	NA	NA	NA	NA
-0.334940541401205	-0.711132014675424	-1.48283094454049	0.606947428606291	-0.760046904244321	-0.610602639861201	0.470107898002127	-1.2801590226565	-1.20451064180931	1.55427680376015	1.00262393909972	0.932594156014628	1.09953319470457	0.990010887110839	-0.271871598109869	NA	NA	NA	NA	NA	NA
0.0926770394624806	-0.296499726759532	-0.8858249906074	-0.850388017010178	-1.42244539496132	2.29154964217809	-0.620784654177562	-0.510297712165186	-0.787022501451847	0.0908569619282495	0.299354162855124	1.6750417873251	0.82378466406628	0.416514596288405	-0.316515856970712	NA	NA	NA	NA	NA	NA
-1.02204381886186	-0.144557000255973	-0.451873749617783	0.76368787149379	-0.370837635856531	-0.19167261041941	-1.56325583871974	-1.06742138141835	-1.34663607054164	0.959718184541085	1.12328765449186	1.36261751985032	1.28527775828858	0.908275116121384	-0.244565999095742	NA	NA	NA	NA	NA	NA
-0.0262575142053864	-0.505653140169497	0.245604192285408	0.677438075376874	-0.427093587245247	-0.397707309017475	-1.15132246266987	-1.51208037876892	-1.90267229695482	1.02648969754356	1.20244866132232	1.00657717034686	1.07061440836249	0.96006985674002	-0.266455372946322	NA	NA	NA	NA	NA	NA
0.386964779488565	-0.619550322364873	-1.31102674787875	0.596100519675645	-0.776956315673938	-0.982268834089198	-0.347051776936932	-1.45938048553856	-0.917900836110199	1.43628872135939	1.00533580288116	1.15683940805125	1.02969186850282	1.08574267983306	-0.28282846119944	NA	NA	NA	NA	NA	NA
-1.15186311792114	-0.664160266502627	-0.856449348976549	-0.577196541545395	0.311797550685473	-1.90940796669037	-0.313813800080558	0.304609825472446	-0.44082627745041	0.132524108140442	0.459097751803428	2.14059678204509	0.778047296734454	1.00348088660399	0.783563117681713	NA	NA	NA	NA	NA	NA
-0.743119929264054	-0.718656407165539	-0.220738926395046	0.226059261812265	-0.96744204099416	0.722406136192003	-1.28532724896739	-1.59878868370438	-0.61114373109794	1.54494869119593	1.3080354570108	0.778850376093009	0.905433072778201	1.05440562112811	-0.39492164862181	NA	NA	NA	NA	NA	NA
-0.0746746464830555	-0.220221101646526	0.0772270204044848	0.715716820827405	-0.393318528118545	-0.513957461164144	-1.00483527029258	-1.5723896223037	-1.93919615981881	1.17940271011622	1.2902125014925	0.68243177142069	1.07068292166494	1.00395993254222	-0.301040888641104	NA	NA	NA	NA	NA	NA
-1.24785672967341	0.0598180815907143	-1.02447774413575	-0.551437000242199	-0.268772375880545	-0.65758902976402	-1.39491248438699	0.0520551797299586	-0.696201650642739	1.94186564399287	0.940879645653855	1.22590185130046	0.0599430623958899	1.39976277564919	0.161020774412732	NA	NA	NA	NA	NA	NA
0.208677247057714	-0.696486494337919	-1.33727549167148	0.643727858722263	-0.772785815104921	-0.461094345788374	-0.0830478350240989	-1.38674526025506	-1.47882080248107	1.52009604105785	1.04913373241435	0.824342474601026	1.04231716717487	1.06982619841209	-0.141864674777252	NA	NA	NA	NA	NA	NA
-0.0193333299300141	-0.183147005878459	-0.116615768016174	0.772411162331777	-0.452763445223151	-0.459997720178398	-0.944278009772699	-1.61495940977184	-1.9158588525717	1.1606810432726	1.29669021736203	0.717492423239097	1.09009281412299	0.972423776833714	-0.302837895819775	NA	NA	NA	NA	NA	NA
-0.0315390175185265	-0.208649028137939	-0.208193989025716	0.796729194376192	-0.450347894629879	-0.430124963915882	-0.970846127543751	-1.60411414586032	-1.887032808421	1.12977015916891	1.27318742270924	0.740077378567519	1.11857274128804	1.01753053129076	-0.285019452347653	NA	NA	NA	NA	NA	NA
-0.0917166608153118	-0.235627826908738	-0.0564903019168419	0.738462647182973	-0.421008353141306	-0.447192887049898	-0.976088417855189	-1.57044495182727	-1.94015165442749	1.13992584822478	1.26131463514644	0.765303321096258	1.09442451030762	1.03297407273031	-0.293683980746358	NA	NA	NA	NA	NA	NA
-0.0367936203485584	-0.203230527832004	-0.220645652051922	0.786461917675848	-0.445275739990425	-0.423317558055787	-0.980454114776794	-1.60146298390455	-1.8864478712578	1.13527051355714	1.2787817366078	0.753465071519945	1.10922627717291	1.01378157393961	-0.279359022255396	NA	NA	NA	NA	NA	NA
-0.6435055273025	-0.346123202902246	0.309061320737431	0.295188193754857	-0.528413024922122	0.0370147324993872	-1.00291055378932	-1.81071751615712	-1.26673724509212	1.0357185270849	0.993019889967779	1.89375006303551	0.894478907652904	0.643975976148077	-0.503800540715425	NA	NA	NA	NA	NA	NA
0.140348177601435	-0.621116876215526	-1.13318704168767	0.672582653297956	-0.643614733946904	-0.106084719754523	0.00157050501697415	-1.44244934893083	-1.9473606466729	1.42129221710951	0.808180400704622	0.961781514085889	1.02398875412693	0.951435393722271	-0.0873662484572391	NA	NA	NA	NA	NA	NA
-0.734458248404449	0.219376706260802	-0.252801465872284	0.281285690484412	-0.386415483728743	-0.127345686071821	-0.528904194310367	-1.46531655135243	-2.12627486874791	1.72421367483292	1.1736070652763	0.885135353347698	0.67270600596979	0.749992280026715	-0.084800277710646	NA	NA	NA	NA	NA	NA
-0.0517365949153216	-0.199351675443861	-0.0830422029382615	0.741251494013395	-0.412037614182483	-0.496564833379456	-0.987859187733551	-1.57971800173902	-1.91928463813288	1.1655447104637	1.30597259374288	0.712763346402205	1.08016844018006	1.0057587170329	-0.281864553370318	NA	NA	NA	NA	NA	NA
-0.0939212227433001	-0.0959793725907169	-0.571979613421214	0.396559916872491	-0.541635857920317	-0.794252307802613	-0.825951383200616	-1.45212556460457	-1.73849727405553	1.31857657001074	1.26146992436351	1.07458585664965	1.04623595913486	1.08454340588643	-0.0676290365788089	NA	NA	NA	NA	NA	NA
-0.348701834392478	-0.352162399221141	0.351199447026491	-0.411995759150147	-0.597324889306685	0.0964528048654025	0.515142266568251	-1.65465587412986	-1.44005102795431	0.333924189804947	0.823553963572491	2.54699761886936	0.493484347491889	0.288122764468816	-0.643985618513028	NA	NA	NA	NA	NA	NA
0.0394950086832703	-0.134137108310471	-0.489010413723716	0.778230654529842	-0.3767519502719	-0.501246981511636	-0.994266722794003	-1.53342159066187	-1.8670214212597	1.18035594167227	1.31677513439277	0.73076589596919	1.09447001092014	0.999233534788983	-0.243469992423171	NA	NA	NA	NA	NA	NA
-0.300793143810726	-0.746459499586479	-0.296492779779447	-0.291645299859327	-1.28905055699182	-1.02427315334884	-1.30945621383366	0.436546291688716	-0.65841139581529	-0.445756815702194	1.89333576596144	0.591380219612128	1.29833079227651	1.15890426730373	0.98384152188525	NA	NA	NA	NA	NA	NA
-0.99435886739708	0.169851818104951	-1.32881934948358	-0.399236351214876	0.617087270745585	-1.04758606086972	-0.10162746228332	-0.408777931952804	-1.68096305874546	1.00634765700259	1.02257017533093	1.70706930011897	0.846030801557643	0.892962918933261	-0.300550859847085	NA	NA	NA	NA	NA	NA
-0.323923041489046	-0.387086096603506	-1.15183004469515	0.81947894366128	-0.688796060341467	-0.842137481692834	-0.136523073590785	-1.40995532264211	-1.44869181303456	1.49354220442614	1.02795366333139	1.05367702696898	1.01909088205806	1.01027479668421	-0.035074583040602	NA	NA	NA	NA	NA	NA
0.0890403052018199	-0.396989060429325	-1.27217079915952	0.790742368127378	-0.540780724397886	-0.735731032909455	-0.237252542149643	-1.46570755905542	-1.62858777945957	1.39617532654729	0.965772857009618	0.879157712373832	1.03731088175151	1.08061084017626	0.0384092063731069	NA	NA	NA	NA	NA	NA
-0.171760378828559	-0.462868450100957	-0.47974072880999	0.54473787451251	-0.444949090216187	-0.798937995970479	-0.132187989735997	-1.69272743425153	-1.82369164326918	1.19102880458741	1.00734635600713	1.10275039142049	1.03054932810616	1.21101246935731	-0.0805615128081264	NA	NA	NA	NA	NA	NA
-0.767386504473729	0.223635556803516	-1.58866822195658	-0.32860927096655	0.715472848712545	-0.966883529464924	-0.167340927788673	-0.233094718342475	-1.80344392167806	1.09975886250745	1.0101346260178	1.43482424942543	0.849467573008735	0.89402565846715	-0.371892280271626	NA	NA	NA	NA	NA	NA
-0.00669634760142824	-0.117806813425849	-0.601980528391727	0.728231171515397	-0.289468971647115	-0.608973561638188	-0.994257928455443	-1.4147812438493	-1.8875325198192	1.26693629731974	1.3223274390851	0.658640386255463	1.09510981915083	1.03240953023333	-0.182156728731613	NA	NA	NA	NA	NA	NA
0.0447185876335739	-0.48098760219253	-1.21219709513218	0.760987233820209	-0.49647155953044	-0.724398413014821	-0.755435298296838	-1.12619351992459	-1.61434864571607	1.55486085963919	0.920350492746877	0.86659336190235	1.11829872372799	1.11106340479336	0.0331594695439189	NA	NA	NA	NA	NA	NA
-0.420804677717501	-1.06663255275524	-0.622483210034519	-0.660016337011716	-0.801139946741879	0.464147211739132	-0.587054567440399	-0.218068675139352	0.735116214222975	1.0665402556906	-0.760383137267463	2.72055843999236	-0.701855929665644	0.649110937201744	0.202965974926905	NA	NA	NA	NA	NA	NA
-1.16296318299225	-0.858692550129068	-0.568042516838375	-0.453594950332371	0.122591576213833	-0.222588824049407	-0.330789416211719	-0.923030006407306	-1.83140553465246	1.4705837645666	1.17041219761645	1.25941277650996	0.748419279704485	0.983850028719827	0.595837358281787	NA	NA	NA	NA	NA	NA
-0.100749827719636	-0.44841632366236	-0.133226162298914	0.589706047735964	-0.610401405244589	-0.683687883735865	-0.599213863524093	-1.67543496154945	-1.79695336049941	0.932583037677405	1.13642024592016	1.46022239361056	0.963118157700249	0.983242413031431	-0.0172085074414598	NA	NA	NA	NA	NA	NA
-1.12735335494551	-0.530888210263413	-0.577578961023353	-0.861734193109687	-0.550064860226744	0.495755013770652	-1.26589018781617	-0.260861656146162	-0.536388094894127	1.91542640476845	1.05161024348581	-0.764529702149372	1.54840517230359	0.865978236831906	0.59811414941413	NA	NA	NA	NA	NA	NA
-0.187179933568815	-0.352502806598718	-0.0551861763023098	0.450793557944164	-0.402581329234963	-0.620904492972763	-0.850408109991367	-1.57318616531106	-1.91539935673723	1.10659701846102	1.25818461234018	1.15112969887686	1.02370410342622	1.01818764576623	-0.0512482660974571	NA	NA	NA	NA	NA	NA
-0.308672498170191	-0.58970187551424	-1.10574610927276	1.04026845985922	-0.385578022253658	-0.841312470881509	-0.786662340816592	-1.04798704934817	-1.51318622003919	1.57817810294987	0.997482501956699	0.67098805249609	1.11500571810582	1.09696998875479	0.0799537621738238	NA	NA	NA	NA	NA	NA
-1.0268801489896	0.429121299565964	-0.940525060403521	-0.410292408783458	0.193729029655363	-1.42414062029198	-1.15489823472038	-0.749934209014476	0.208231653132533	0.893908468501618	0.0533872123732705	-0.103704079967943	1.9426878887462	0.361329681232862	1.72797952896354	NA	NA	NA	NA	NA	NA
-0.185616089570066	-0.44258862111344	-0.0840409775857719	0.300819259953517	-0.598860083170943	-0.609979322080368	-0.345004861662977	-1.86492333946096	-1.6059684391935	0.917921118648689	1.11812148235753	1.83992797438228	0.883209152303375	0.711302078051386	-0.034319331858744	NA	NA	NA	NA	NA	NA
-0.705970758052857	-0.734686658298499	-0.100234385809616	-0.684531832767197	-0.417471097480822	0.522270646279308	-0.981528408506776	-1.15216858003966	-1.32189234938593	0.89308039484822	0.82823812000918	2.38580083395949	0.381294092865873	0.750316170445123	0.337483811934159	NA	NA	NA	NA	NA	NA
-0.304207998450147	-0.512630715913984	-0.0869813623124812	0.497572617484914	-0.461367772924864	-1.1117384475179	-0.863225333846316	-1.58904470653136	-1.39385534705512	1.11266757433897	1.22248601124882	1.32947049545221	1.05639131912989	1.05311655143762	0.0513471154597465	NA	NA	NA	NA	NA	NA
-0.162092461292831	-0.92163020804526	-0.492285108151027	-0.588764064317251	-0.705602460254077	-0.781231908208665	-1.04083477781852	-0.619746386511609	2.44100871371502	-0.271667421660577	0.045657102615779	0.18657833084001	1.81267328526328	0.580392067384681	0.517545296441046	NA	NA	NA	NA	NA	NA
-0.896490042806786	0.123720350181073	0.155045021063027	0.00428485123462819	-1.40700043192512	-1.27145196184013	-1.01889352754316	-0.820017435927657	-0.338342644459041	1.1826784922089	0.836890092148932	-0.422295233199962	1.8138509416723	0.87022688637898	1.18779464281401	NA	NA	NA	NA	NA	NA
-0.372776679112593	-0.168202006340791	-1.05269492306889	0.584978278477706	-0.463791098880006	-1.06974107483375	-0.627425917923044	-1.18662762697941	-1.443822839708	1.32902908767375	1.40825908544452	0.713282036973177	1.15452038658885	1.24222734350774	-0.0472140518192398	NA	NA	NA	NA	NA	NA
-0.198808972485632	-0.463261162219345	0.0848612819349876	0.346918616256072	-0.561050459722711	-0.567612752279861	-0.696170816812681	-1.66687416848545	-1.85558161864114	0.942374338349201	1.2070592618345	1.38907158331122	0.992820363907054	1.0065752787344	0.0396792263194052	NA	NA	NA	NA	NA	NA
-0.229592188056166	-0.458954467795401	0.0926832071939461	0.307100049854322	-0.505893290223546	-0.599332419679769	-0.729511332076981	-1.63417979539138	-1.86639937588524	0.985270255618393	1.22381115109575	1.35073339105311	0.999596164064498	1.01892406798085	0.0457445822476077	NA	NA	NA	NA	NA	NA
-0.483133134097868	-0.425600097233746	-0.58699332459819	0.175237523766408	-0.0479615177602468	-0.962202208983779	-0.899394397676133	-1.16479913234878	-1.6090449190399	1.11073216645524	1.64030742627828	0.766220497202501	1.28097065569648	1.17214064015535	0.0335198221843758	NA	NA	NA	NA	NA	NA
-0.276473079593154	0.217776178274227	-0.0235895899027423	-0.275426609530673	-0.599754165442832	-0.897269596368661	-1.12695553357038	-0.271973090810105	-0.820340394028679	-0.405516279535679	1.27938486050344	0.766661311139092	-1.09936699012122	1.1419899785339	2.39085300045347	NA	NA	NA	NA	NA	NA
0.450131219538756	-0.867479700014665	-0.116637410650402	-0.477071374720307	-0.123503942369432	-1.1044635216446	-0.291110795770289	-1.02422751974114	0.357114858680221	1.97974404224493	-0.233024573156551	-0.795682898275781	-0.141219322216874	2.38337796543733	0.00405297265880382	NA	NA	NA	NA	NA	NA
-1.07022719423117	-0.630038543310338	-0.400676910653666	-0.713827566826663	-0.321252618112817	0.735284058444779	-0.971402940668943	-1.1763169975502	-1.17320190489984	0.96338928624127	0.916393968042726	2.14498427690768	0.440472424299111	0.837748735033481	0.41867192728459	NA	NA	NA	NA	NA	NA
-0.314858941906916	-0.344303729916969	0.028404618307518	-0.167031428061334	-0.317861031677556	-0.305291161347679	-0.846541133844885	-1.4749788910106	-1.85937459881831	0.878861303528469	1.16737699192279	1.9341692066809	0.838059259530305	0.794519492632635	-0.0111499560183638	NA	NA	NA	NA	NA	NA
-0.860258784858005	0.012383938671496	-1.39450014040329	-0.0999429183518774	-0.514700297460155	-0.620665928537517	-0.982803909870324	-0.034926364684066	-0.860148503525568	-0.32060075691595	1.24262277366255	0.142949269969663	1.92676363038131	0.559631646280982	1.80419634564075	NA	NA	NA	NA	NA	NA
0.0519963586129937	-0.0727462975916329	-1.48690505295643	0.663259076717198	0.0316604912819613	-1.04758756754729	-1.03629589827932	-0.826002631842146	-1.56355883258048	1.43068755320434	1.26956240939024	0.373692025919679	1.03703218426527	1.07625706107349	0.098949120332125	NA	NA	NA	NA	NA	NA
-0.367192517230612	-0.137526781923611	-0.466433000032019	0.0730894555239883	0.044463876457484	-0.992819892755659	-0.813508644411244	-1.1508877839412	-2.0334858231269	1.12269035786376	1.48541558201442	0.7880739416042	1.06663883348942	1.09961979744757	0.281862599020405	NA	NA	NA	NA	NA	NA
-1.04208006415211	-0.978048709468979	-0.753181775393937	-0.588883951927771	-1.1005731371577	-0.829166237549639	-0.335369175587519	-0.613921401509768	0.0117038797144228	1.46358827109237	1.63455497912723	0.886154646633657	0.221200445931153	1.70437757810394	0.319644652144648	NA	NA	NA	NA	NA	NA
-0.274170204470422	-0.427099697714273	-0.879362358511077	0.408200469102245	-0.854920002853005	0.406184583718642	-0.237216224991643	-0.681183424834327	-0.701866067514305	-0.663161221590034	-0.161613262302204	-0.66387712399544	1.16439066706301	0.716495264049693	2.84919860484314	NA	NA	NA	NA	NA	NA
-0.82167021810983	-1.08133370382843	-0.410600972080706	-0.502949206441129	-0.204926637701754	-1.19320285746187	-0.939180325861611	-0.064575194145447	0.709539431735026	2.62292064201041	1.12171274558163	-0.436152465720668	0.193554296718453	0.448259154654894	0.558605310651035	NA	NA	NA	NA	NA	NA
-1.22677479582829	0.0509827056562802	-1.22036690490377	0.406623031207136	0.674039143737471	-1.31468862728793	-0.469863158435824	-0.424306740302722	-1.19892849414388	0.643193100751175	0.760355837044588	1.0043100935626	0.808617706928316	1.98369641476732	-0.476889312752457	NA	NA	NA	NA	NA	NA
-0.917769545280466	-0.526509806608754	-0.489174499431562	-1.39493687576982	0.0316915721638948	-0.778748689605399	-1.04266313332078	-0.292448472645473	-0.0949705270758896	2.21529277166663	-0.42952132805636	1.0555022011263	0.416512617922314	1.10894012835344	1.13880358656193	NA	NA	NA	NA	NA	NA
-0.527560297230668	-0.451728912085835	-0.163104891269849	0.184000846308348	-0.699778176468079	-0.604011942633007	-0.743972212459713	-1.25227953289955	-1.58369659159036	0.93238688533244	1.12389394973901	2.08784585501497	0.937331622919892	0.776166395940887	-0.0154929986184866	NA	NA	NA	NA	NA	NA
-0.121234157714594	-0.331915225673363	-0.897957316852747	0.0502926887855063	0.0237512799661369	-1.0790967963072	-0.809706780764818	-1.14939470944655	-1.60559138568357	1.20851596920979	1.59195531413819	0.633045393309113	1.24338714185063	1.18380710263645	0.0601414825470252	NA	NA	NA	NA	NA	NA
-0.81114114144357	-0.994862584908332	-1.30893386742478	-1.24406755512243	0.149341168916646	-1.1662945973441	0.316438999318477	-0.380285443940435	-0.811002276061615	1.02188053857429	1.05745796273942	1.10232285178959	0.836345671223055	1.46028954554029	0.772510728143493	NA	NA	NA	NA	NA	NA
-0.904044793775873	-0.188523866497321	-1.40399868038489	-0.504355064432957	0.057872111369713	-1.25749208845385	-0.496553246871022	-1.5820919930163	0.212917630869374	1.0505636983949	0.985850517626025	0.521421228282093	1.14172251604443	0.970791745755393	1.39592028509029	NA	NA	NA	NA	NA	NA
-0.130279680321494	-1.42978424809255	-0.924063829574677	0.0482100897319742	-1.31969341494353	0.067356610014339	-0.928992617410168	-0.027142121361117	-0.217136667370703	0.115635300540921	0.358156824631915	0.187877866383009	2.38214265057725	0.229925155996769	1.58778808119806	NA	NA	NA	NA	NA	NA
-0.909732569179226	-0.752312439373093	-0.216134732979092	-0.945694204103134	-0.747782255485262	-0.231427102043427	-1.03545569846282	0.447181977147009	-0.0451498399321363	0.27415384471162	0.266550345716065	0.095339286964729	2.87759729301517	-0.215596962217319	1.13846305622091	NA	NA	NA	NA	NA	NA
-0.956399232346719	-0.122014566951063	-0.731996006659776	0.196829345484317	-0.233775578626864	-1.31705295727857	-1.07246189935457	-0.297128280603011	-1.45014637481132	1.35890935365795	1.56626332554205	0.477594406297239	1.32599065678282	1.00915615405028	0.246231654817238	NA	NA	NA	NA	NA	NA
0.558363814552722	-0.596099043887141	-0.426672342638286	-0.976632144231102	-1.02249257683926	-0.91075837976403	-0.656667795081176	-0.754063362344431	-0.396407877971463	-0.24436203550182	1.61031490631244	1.72916635518197	0.952925747036962	-0.426260238029191	1.5596449732038	NA	NA	NA	NA	NA	NA
0.422101890904541	-1.15573842824011	-1.08132795493344	-1.02496184072559	-0.501634366426516	0.202745500356086	-0.735899832437856	-1.22310176343059	-0.491953059189949	-0.34594307402308	1.02653690866532	1.70692258659679	1.05288473860106	0.767685840323665	1.38168285395966	NA	NA	NA	NA	NA	NA
-0.0607175892522319	-0.288550425757361	-1.08505794153439	0.200610131393578	-0.178030623393328	-0.731834247999157	-1.06144035711899	-1.13079765010563	-1.68209470077379	1.05458725685447	1.57612897239887	0.600289645311515	1.15502801425617	1.18410377498139	0.447775740738895	NA	NA	NA	NA	NA	NA
-0.582500563879122	-0.406169334259781	-0.20494127167689	-1.03379577649296	-1.08470204559402	-0.309372068627318	-0.743339637672507	-0.382603358580589	-0.536616601644726	0.305454644033271	1.76106671626935	1.49394046305178	-0.461819308061232	0.0684865489829372	2.11691159415181	NA	NA	NA	NA	NA	NA
-0.761882640446175	-0.38375847810828	-0.843393341773449	-1.18003161206255	0.11597333241958	-1.10241046263515	-0.250232954588133	-0.585964670870838	-1.23019805113828	0.630387168716333	1.69843273163338	0.912434851137228	1.75847601051564	0.793670897325697	0.428497219875004	NA	NA	NA	NA	NA	NA
-0.424368852924397	-0.216235997036555	-0.933810724698241	-0.881583036897633	-0.368435360240325	-0.819134981775771	-0.584601979267742	-0.186434331142944	-0.921301257341157	0.192980650985368	1.08045411792349	-0.696242949962729	2.05999422384526	0.840723441019593	1.85799703751379	NA	NA	NA	NA	NA	NA
-0.413127868828494	-0.545892668931317	0.152797318193382	-0.302066132148547	-0.387844252994601	-0.182497621819213	-0.549663985824565	-1.03884271604725	-0.8726483262832	1.52934658271439	-0.766742838697836	0.772982644398663	0.860585735948502	2.50048238724137	-0.756868256921281	NA	NA	NA	NA	NA	NA
0.737632797062722	-0.72171154054003	-1.13186125477985	-0.711278459421266	-1.1211426944333	0.400201069240702	-0.77412277923757	-0.411648975741603	-0.779734858588103	2.55531368768766	0.394648415091099	0.501565060405712	1.01593318390473	0.461306008599775	-0.415099659250681	NA	NA	NA	NA	NA	NA
-0.353158872875917	0.267676713925211	-1.17187097169093	0.265079578659468	-0.000560310770982627	-0.550418240849979	-0.067367427861542	-1.33513313542089	-1.15751023986595	0.983893366832686	0.591106416012035	2.20390738313453	0.692179694956398	0.866980309169925	-1.23480426335407	NA	NA	NA	NA	NA	NA
-0.661979545599402	-1.21590507024137	-0.37013969869395	-0.571382556379301	-0.661022775544005	-0.993038430332187	-0.771753857985839	-0.379219360423254	-0.338634099455514	-0.18281708622929	1.31251849695581	1.81505886303923	0.151824683097321	1.71671979773145	1.14977064006031	NA	NA	NA	NA	NA	NA
-0.53246075409332	-0.40670512106472	-0.937109401235903	-0.887757342919543	-0.929279416122522	-0.82782674767971	-0.641053280928437	0.463470896794234	-0.925363523951642	2.25086588532351	0.464385202762303	1.37362337083986	1.04758763480776	-0.24026514330383	0.727887740771953	NA	NA	NA	NA	NA	NA
-0.640295314398962	-1.15389201094585	-1.08088870117869	-0.531521913896374	-0.0656377874592402	-0.958534208766099	-0.751206649608573	-0.332210297527307	-1.06765075432845	0.329433579873082	1.0196033144374	1.16234663090495	1.40707219614116	1.18294799370449	1.48043392304845	NA	NA	NA	NA	NA	NA
-0.340458557179421	0.302083789446094	-0.784788921065308	-0.734841513748375	-0.776727585776715	-0.676546024398866	-0.461575360149025	-0.358160912241775	-0.772716556663348	3.06265362855035	0.208737012282307	0.0811548621657887	1.02826825643201	0.361777898272605	-0.138860015926332	NA	NA	NA	NA	NA	NA
-0.561500226896005	-1.08068515760862	-0.576486498775073	-0.941767884195399	-0.0524980602748083	-0.873431052697013	-0.671790026290168	-1.15751329074979	0.134052632051301	-0.118500853710787	1.64002773680063	1.76911140811017	0.0914648217429418	1.16710230996687	1.23241414252575	NA	NA	NA	NA	NA	NA
-0.283754970806033	-0.392828185136879	-0.245403257521175	-0.13781786481187	-0.78387915605065	-0.682350607809903	-0.426853784463693	-0.925145280711594	-0.779836480757292	2.14011376926073	-0.0159049925872831	2.02134050737288	-0.433465454447392	1.38347945818894	-0.437693699718783	NA	NA	NA	NA	NA	NA
-0.383438671108151	0.0519975702461717	0.133553602277398	-0.378306090350789	-0.718818562006935	-0.667840628924865	-0.0243030613280227	-0.920237136378322	-0.460330218442312	0.141689440273851	-0.0836200993193258	3.04684203549784	1.24477768215944	-0.0876454513979802	-0.894320411197994	NA	NA	NA	NA	NA	NA
-0.49185892024606	-0.619935766762349	-0.97491095243914	-0.362848363089393	-0.966000104914826	-0.234245393497888	-0.644754794965187	-1.1194125326736	-0.445435606202332	1.78939796651981	1.18138029388153	1.0675510264759	1.79793583052821	-0.471287636538382	0.494424953923712	NA	NA	NA	NA	NA	NA
-0.316282236305835	-0.897838742745606	-0.833199955798376	-0.784753030999854	-0.825454556021237	-0.726932046181247	0.386563665162342	-0.957066420281931	-0.244330053759936	0.313207900905668	0.739215455897288	-0.585626324100387	2.19204230197531	1.73357449280023	0.806879549453576	NA	NA	NA	NA	NA	NA
-0.915090710173033	0.0756510046323798	-0.959733041516174	-0.738310786164138	-0.0185602828029522	-0.772203383884154	-0.463938857705799	0.491212626244609	-0.46082595513303	-0.697031250723104	0.340631023290088	-0.415010440512612	0.174372091687951	2.42529275725716	1.93354520550281	NA	NA	NA	NA	NA	NA
-0.513266028410599	-1.05506614421714	-0.980017081595884	-0.924445210341319	-0.971098509181114	-0.85866971675315	-0.660645344496414	-0.334532577072767	-0.142640827879273	1.73169366932258	1.20601719483205	1.62627048222757	0.378634480724389	0.435599257786113	1.06216635505495	NA	NA	NA	NA	NA	NA
-0.36302124156807	-0.949549468257815	-0.881599017020019	-0.830736015974234	-0.873464151728891	-0.0729597082182578	0.344528665106585	-1.01193578050707	-0.869405602690478	-0.157610565185343	1.49714015681615	0.710755046900953	0.246431714886111	2.25517041949013	0.956255547950249	NA	NA	NA	NA	NA	NA
0.526605907048069	-0.790761008785283	-0.717931512727428	-0.666034259045574	-0.182004574492428	-0.60660307965015	-0.371168442512371	-0.474827296439842	-0.705302537880799	1.75664358811104	-0.608771064559954	2.13737972864243	1.3127707657594	0.381434179152842	-0.991430392619952	NA	NA	NA	NA	NA	NA
-0.291804992343678	-0.828769684864314	-0.760030121340817	-0.16488325511335	-0.751961080443586	-0.651940699636232	0.301362820381891	-0.894321303119576	-0.747947206779666	1.9255351977232	1.37870150623183	-0.521600207790959	0.226481295554275	-0.263635943984178	2.04481367552517	NA	NA	NA	NA	NA	NA
0.250051924795852	0.102547433063014	-0.64584763078543	-0.5974251775603	-0.637913875359718	-0.542891157615287	-0.364212207380055	-0.786137388413675	-0.267988051873609	-0.576735772440303	1.00429991977942	2.85606900071556	-0.735393048057259	-0.286284883115455	1.22786091424724	NA	NA	NA	NA	NA	NA
-0.394812763924203	-0.852475197162447	-0.777918830045887	-0.7254236868084	-0.76935440796609	-0.665653912255169	-0.496064367221536	-0.926952155472849	2.38442354164978	-0.702830010641374	0.478426041242309	0.737683428311222	0.933947265074645	0.418372092003111	1.35863296321688	NA	NA	NA	NA	NA	NA
-0.305651329298858	-0.411274487358902	-0.776841942597632	-0.728795336013372	-0.769118325582704	-0.672203904570729	-0.442159800099001	-0.902963664616102	-0.765270700690621	-0.707624280602442	1.43862538205582	0.633608633263881	2.05204695287047	1.15654974147831	1.20107306176188	NA	NA	NA	NA	NA	NA
-0.304925923850015	-0.857686141642073	-0.790289808791318	-0.740725541492186	-0.782314945665374	-0.682477653920001	-0.44416138741657	-0.549505006840555	-0.77834322239938	2.1806803644778	-0.0498708310981148	0.193455759266473	1.79196770443621	1.19278574934515	0.621410885589953	NA	NA	NA	NA	NA	NA
-0.0421864963350126	-0.728510114132552	-0.65699996988451	-0.605901173836212	-0.64869378295003	-0.539589786922285	-0.208879218158762	-0.79784570126108	-0.644569176048493	2.77081556987144	-0.54202833891717	1.18961539679478	-0.156637618165262	1.08125385019001	0.53015655975514	NA	NA	NA	NA	NA	NA
-0.197418523617358	-0.649879292205133	-0.593237833157454	-0.552213773409378	-0.586603053850715	-0.504608598468178	-0.295108816137491	-0.402426530827076	-0.583303730318992	1.13448490000369	0.305042079842574	0.178036755515839	-0.665508349573068	0.289389571376151	3.12335519482659	NA	NA	NA	NA	NA	NA
