Gene ID	HD1	HD2	HD3	HD4	HD5	HD6	1442 ETV6	1874 ETV6	3399 Phlike	3701 ETV6	4353 phlike	4370 ETV6	4395 ETV6	4894 Phlike	BALL10 ETV6
LOC124904086	-0.62304582	-0.590002219	-0.484686319	-0.481688221	-0.694323594	-0.778102388	-0.321431623	0.807679073	-0.694491411	1.26095718	2.143053715	-0.587952286	0.084917029	-0.83871934	1.797836223
DUX4	-0.752435881	-0.716655775	-0.083234842	-0.920015996	-0.457924916	-1.087697993	1.49788412	-0.900118154	1.164808391	0.57952238	0.145511633	-0.714418966	2.014402767	-0.694655438	0.925028668
LOC100533997	-0.238283578	-0.653181403	0.014829602	-0.864661992	-0.766049843	-1.065540022	-0.352328419	-0.842942495	2.101241036	0.879647999	0.11399791	2.136181205	-0.462079334	0.340936125	-0.34176679
LOC107987393	-0.75094808	-0.715145554	-0.583413459	-0.915662211	-0.825439883	-1.077224217	2.106588305	0.984959293	1.748458948	-0.199595648	0.060555456	1.03785682	-0.47657163	-0.114901873	-0.279516267
GHITM	-0.778937653	-0.74066098	-0.617537483	-0.96636018	-0.860997686	-0.191433253	0.117249375	0.695002762	1.840255969	-0.803665572	-0.851797553	2.214237873	0.72176374	0.266558572	-0.043677931
NEPRO	-0.86851263	-0.82733512	-0.693758945	-0.727007201	-0.557757535	-0.666967258	1.632870284	2.413443803	-0.956369141	0.028677785	0.219527576	0.609248019	-0.624295199	0.333817832	0.684417729
NME5	-0.779421964	-0.741074574	0.021394989	-0.962029523	-0.860567737	-0.610373122	-0.407359431	0.23111184	1.881865396	-0.309756507	-0.851552071	-0.196490221	0.560210849	0.706571622	2.317470456
PIK3IP1	-0.318463475	-0.722686517	-0.598942045	-0.376955219	-0.843916255	-0.54154239	-0.422357199	0.581383642	2.18839014	-0.786142679	-0.834644704	2.130840868	0.655776663	0.314265864	-0.425006692
BTG1	-0.345817496	-0.285769923	-0.61610892	-0.964239989	-0.472634177	-0.803408089	0.806705064	-0.941283725	2.097687712	0.379536607	0.766174792	1.927442745	0.019687765	-0.72192282	-0.846049547
PSMB5	-0.746776957	-0.711196985	-0.555703997	-0.908579154	-0.820392798	-0.802771592	-0.282201104	2.386194755	-0.820560713	0.614628766	0.182208241	1.278437767	1.396882562	-0.007378588	-0.202790203
LOC643327	-0.746367542	-0.121163454	-0.586527976	-0.922670624	-0.825013838	-0.682420813	0.403921445	2.307687163	-0.825195891	-0.23440881	1.048044022	0.254734378	1.743466958	-0.002212719	-0.8118723
SNHG5	-0.832192958	-0.796566902	-0.669231906	-0.989298006	-0.904697729	-0.895409196	-0.385862287	0.304187316	1.201358838	1.944247888	1.465913523	1.177105078	0.338030031	-0.643275329	-0.314308362
WNT8A	-0.777558775	-0.740422314	-0.593562511	-0.462488529	-0.854555996	-1.110109354	1.249690764	0.58778036	-0.258110311	0.284110297	1.324363167	-0.738090651	-0.472319811	2.390127926	0.171145737
HNRNPH3	-0.780869883	-0.30014595	-0.619260483	-0.967075482	-0.862643228	-0.119701235	-0.453824774	-0.207101836	2.172161918	-0.805545377	1.55852269	1.582268179	-0.555526038	0.567567254	-0.208825756
POLE3	-0.835945743	-0.798461791	-0.672803419	-1.005877824	-0.913322515	-0.603255594	-0.423206534	0.721354465	0.41818446	0.36322473	-0.90486398	2.104701092	0.23157153	0.450655034	1.868046089
LOC105372461	-0.737767151	-0.700269664	0.05074445	-0.918081385	-0.366535053	-0.705521398	-0.369190189	-0.233559642	2.184911084	-0.271512664	-0.351391529	1.856442101	1.53703076	-0.631588267	-0.343711453
EIF2B2	-0.800292248	-0.245202111	-0.027284988	-0.984431979	-0.882096389	-0.789865998	2.295934521	1.310647432	-0.882286255	0.746622362	0.390403093	-0.759212828	0.774657142	0.720806247	-0.868398001
MCM7	-1.032972791	-0.433222991	-0.032587256	-0.982500011	-0.633361422	-0.77040831	-0.235751221	-1.206391255	0.564827312	0.381810363	-0.065840158	1.719847664	1.840903603	-0.573334188	1.458980662
LOC105377803	-0.435991088	-1.019734156	-0.556981304	-0.563739749	-0.937617202	-0.934168717	0.599837238	-0.459991078	1.951371863	0.171052687	-0.073504876	2.178632323	0.656179632	-0.850608717	0.275263143
XBP1	-0.819817412	-0.131185981	0.086769209	-0.359594011	-0.903524994	-1.236684598	-0.506966653	-0.18957861	1.759093701	-0.060557776	0.28284757	2.30058332	-0.100910416	-1.071905439	0.951432089
H4C3	-0.856203854	-1.12035862	-0.60623446	-0.016519489	-0.781731397	-1.316103144	-0.361425636	0.797311347	1.756499534	0.189552739	0.415741685	2.029665863	-0.901829259	0.316026601	0.455608086
BUB1	-0.834318361	-0.135738497	-1.009377017	-0.773955075	-0.972714538	-1.230557218	2.071398627	-0.372142507	-0.283742363	0.710787633	0.170292131	0.53278276	-0.106139049	0.287835635	1.94558784
WDR31	-1.045453233	-0.167724419	-0.859712886	-1.253284824	-0.406791886	-0.505113339	-0.155921878	1.151628782	-0.80763948	-0.717568649	1.273510648	0.983552854	2.234804513	0.205440955	0.070272842
GPR50	-0.816623932	-0.776748684	-0.066572956	-0.651025829	-0.480553914	-0.479913515	-0.459273771	0.55569433	2.46081299	-0.088915147	0.551649822	1.863967859	-0.580447805	-1.067776368	0.035726919
LINC02127	-0.021992214	-0.815878102	-0.214455682	-0.750208934	-0.355835306	-0.809432224	0.79568847	-0.203726214	1.536292718	0.545136128	-0.339700272	2.661673882	-0.617833054	-0.838976584	-0.570752612
MAPT	-0.498150164	-0.65717279	-0.468284649	-0.269026191	-0.857400738	-1.080116023	0.961199465	-0.260614228	1.585069501	0.567409178	-0.091724074	2.520166466	-0.48135993	-0.830316421	-0.139679401
ZNF124	-1.054790825	-0.352154352	-0.867858781	-0.973358153	-0.256393801	-0.655571193	-0.693117006	2.064649329	0.919954911	1.425394227	-0.559566836	1.493845543	0.249003756	-0.189029662	-0.551007158
CHURC1-FNTB	-1.166351175	-0.312110246	0.028256516	-1.008501698	-1.269890909	-0.612926623	1.235069537	0.226452863	1.274208759	-0.232645179	-0.681825305	2.002574832	1.032336046	-0.808815442	0.294168024
CIRBP	-0.764572592	-0.30185055	-0.258055078	-1.303676434	-1.14530298	-1.613854819	1.77481173	-0.158836741	0.934194206	0.895427537	0.566321269	1.177462542	-0.465907415	-0.237141013	0.900980337
RTL9	-0.859620806	-0.81839425	-0.68410376	-0.424071073	-0.208913962	-0.722498503	-0.487526527	-0.376922893	2.420017839	0.720976212	-0.189901791	1.837964387	0.753024142	-0.779768202	-0.180260812
HNRNPA1	-0.858313875	-0.818648207	0.046047136	-0.624475634	-0.940957608	-0.801120074	0.369377344	-0.283068113	2.041001052	0.035978769	0.179257863	2.1471079	0.66774634	-1.094489362	-0.065443531
RPS3A	-0.339571327	-0.275091517	-0.649396326	-0.398741942	-0.89568218	-0.977531768	1.62030687	-0.975312961	1.666809364	-0.081246242	0.46279773	1.899968456	-0.583410466	0.408143021	-0.882040714
LOC105373897	-1.106763278	-0.34262476	-0.031241825	-1.290557064	-1.19236441	-1.449502938	0.382794235	1.131301413	0.547231608	-0.489631838	-0.596732056	1.392599362	0.74586484	1.208652125	1.090974586
TCFL5	-1.030748887	-0.986735729	-0.843407486	-0.598313685	0.26077379	-0.646014755	0.599957485	0.688840088	-0.138899578	-0.703214419	-0.549315711	2.515128052	1.137438315	-0.593098717	0.887611237
LOC105375990	-0.862252902	-0.049556014	-0.141132132	-0.484586224	-0.950353277	-0.770631953	1.634996765	-0.10856306	-0.950559063	0.036641338	0.094726058	0.721959138	2.413763362	-1.124430298	0.539978263
LOC101927226	-0.930622524	-0.892029171	-0.136818599	-1.252297262	-0.626940948	-1.178428436	0.979968286	0.16920498	1.600971795	0.439144999	-0.561910452	1.515987243	1.504447392	-0.587719486	-0.042957816
BTG2	-0.952874911	-0.594759685	0.571769229	-0.90444699	-1.037263523	-0.895165888	2.21883501	-0.145030494	1.266937086	-0.682314007	0.526627519	1.391274875	-0.323565886	-0.59861166	0.158589323
POGK	-1.475955648	-1.055503909	-0.311966172	-0.744211242	-1.038517523	-1.151109057	1.341869282	0.758211776	0.909612417	0.704449284	-0.284083164	1.187825221	1.542502622	-0.259541154	-0.123582732
SNRNP35	-0.482117535	0.105183114	-0.745008004	-1.112274803	-1.005555279	-0.634773154	-0.581026951	0.74378388	2.017512155	1.183992548	-0.601694999	1.493761052	-0.674301983	0.886666	-0.594146041
LOC105378798	-1.082162006	-0.64595758	-0.143277693	-0.643711884	-0.433229265	-0.235912307	1.797658752	-0.024827796	-0.433615137	0.550791693	-0.151686385	-1.034119485	2.356640805	-0.761721311	0.885129599
FBXO46	-1.196025669	-0.037989272	-0.074138552	-0.7832461	-1.295319368	-0.51814276	1.177116949	0.088054751	1.172148567	-0.254189289	-0.120866092	1.903962102	1.12538155	-1.476700615	0.289953798
LOC124902929	-0.849888722	-0.773167485	-1.091785487	-0.957063183	-0.501635373	-0.892607662	0.247694583	0.810291882	0.263284944	-0.357907094	1.356665217	0.43497495	2.553727662	-0.238584474	-0.003999757
SH3BP1	-0.974067033	-0.289750877	-0.792136661	0.174483629	-0.732523609	-0.266136779	-0.625605827	-0.858217032	1.391849668	-0.079126135	1.041579637	-0.541776673	2.475073464	0.78756149	-0.711207261
RPL35	-1.022118038	-0.546452037	0.229420101	-0.914886617	-0.746195369	-0.978794774	-0.663136696	-0.333606499	2.121224943	0.810636383	1.01016975	1.221844806	-0.761360215	-0.51557908	1.088833341
CAD	0.084553507	-1.139636874	-0.988053627	-0.770857114	-1.282213183	-0.341560794	-0.801135055	1.073756216	1.242540125	-0.067116083	-0.087483602	0.934058518	2.257604819	-0.191847696	0.07739084
TUBB	-1.090746193	-1.021593257	-0.488761883	-0.91430782	-0.256824339	-1.326513495	0.109319782	0.220825519	1.778850423	0.520943423	0.920593752	1.992682877	-0.342259266	0.412105717	-0.514315241
MYL12B	-0.508620326	-0.931434204	-0.786733217	-0.832886958	0.00827237	-0.585336463	2.491265093	-1.161323218	0.375459233	0.29375151	0.293969859	1.539394823	-0.7108373	-0.15597908	0.671037877
MIR193A	-1.004879359	-0.678394746	0.347675253	-0.735005969	-0.648623019	-1.246101602	-0.271202029	0.950075402	1.9534464	-0.048172896	-0.502247266	1.564378356	1.312657457	-0.800702568	-0.192903414
PRR29-AS1	-0.89844167	-0.356795647	-0.356324831	-0.277881844	-0.554044731	-1.214759379	0.89822012	-0.298697653	1.681828637	0.487569365	-0.031318775	2.342326677	-0.40041886	-1.198787254	0.177525846
NUF2	-0.581227035	-0.511221612	-0.278128041	-0.912577613	-0.236852073	-0.976628889	2.553676725	-0.133784875	0.559575911	-0.625951153	0.897156244	-0.994785218	0.232628038	-0.465453749	1.47357334
H4C2	-0.75941681	-0.043380789	-0.629428406	-0.445459508	-0.611544786	-1.375833022	1.157593041	-1.535806818	0.704448916	0.102561717	1.034477144	1.877390817	1.228884712	-0.378201678	-0.326284531
ANP32E	-0.615336722	-0.006122104	-0.318278068	-0.930877361	-1.14654252	-1.261355522	-0.692162433	1.464005033	-0.488092377	1.260124731	0.940262335	1.644841361	1.114814335	-0.505806064	-0.459474624
NBPF10	-0.688345564	-0.607227463	-0.335520442	-0.887570166	-0.750679745	-1.072344094	1.369680827	0.556178424	0.777235009	0.426893526	0.674113549	0.35581239	1.958948753	-1.775796298	-0.001378705
TMBIM6	0.342766142	-1.048067244	-0.895435337	-0.768961683	-0.818005766	-0.709064816	-0.101689375	0.218741374	2.589300814	0.917073612	0.057657562	-0.312697498	0.828641534	-1.094198935	0.793939616
NBPF19	-0.438242577	-0.474801287	-0.557060009	-0.679924189	-0.865977839	-0.76554057	1.775338094	0.613381175	0.817662298	0.564942906	0.433918766	-1.034132631	2.054422154	-1.189548557	-0.254437733
NBPF14	-0.915778012	-0.202168731	-0.244447245	-0.893961442	-1.067568073	-0.914522955	1.461319152	0.655553179	0.836783832	0.325973382	0.503291652	-0.515526092	2.120939321	-1.360838131	0.210950163
LOC124905415	-0.562612302	-1.277961439	0.30604601	-0.817476614	-0.730882131	-1.492588285	-0.105705248	0.534943789	2.363499552	0.005630935	-0.112539636	1.21594788	0.857640582	-0.538727459	0.354784367
ZNF853	-0.402800241	-0.287447479	-0.322161025	-0.518771293	-0.456446214	-0.513291653	0.790767122	0.037367359	2.173316447	0.105476611	-0.546237974	2.301281088	-0.651083016	-1.040843016	-0.669126716
LINC02941	-0.577916196	-0.448500222	-0.529648289	-0.324807679	-0.377920477	-0.414724308	0.632229103	0.040921838	2.210923813	0.016321539	-0.480670043	2.335559005	-0.888389153	-0.975492006	-0.217886925
H1-10	-1.037157533	-0.991967367	-0.843180033	-0.457370294	-0.04298685	-0.497505748	1.186849323	0.428977143	1.104972562	-0.611554482	-0.410541954	2.417085164	0.760248528	-0.997150865	-0.008717593
H4C5	-0.414096509	-0.654717608	-0.183407623	-0.969327721	-0.389045369	-1.451944765	0.553170668	-1.172549349	1.488569813	0.056430133	0.928006072	2.232303615	-0.230830778	-0.313453596	0.520893017
RPL41	-1.043394938	-0.39406161	-0.85073401	-0.136304812	-1.1349117	-1.027767812	0.220632064	-0.49214995	0.937110712	0.929494336	0.96988134	2.440366862	-0.770965792	-0.028137419	0.380942731
CCDC66	-0.550554245	-0.96690266	-1.212700425	-0.839836736	-0.331554646	-0.569033131	2.498103358	-0.211666112	0.46913087	-0.609029197	-0.111263345	0.107437072	1.657491493	-0.03902186	0.709399564
STRAP	-0.590148087	-0.168589896	-0.893882693	-0.931246648	-0.442869016	-1.290013468	0.520081529	-0.622203564	0.375240362	1.135921616	1.147538854	1.936055175	1.338863309	-0.796763366	-0.717984107
SARNP	0.047133209	-0.948862971	-0.447261819	-0.356054362	-0.760464319	-1.10266857	2.505639391	1.258667918	-0.621220381	-0.641417494	-0.914165162	1.034553332	0.457738664	0.041893374	0.446489188
DCUN1D5	-0.486032296	-0.991537603	-0.134076076	-0.555966221	-1.098170531	-0.987263517	2.163594412	0.920804729	0.503250513	-0.535485368	0.534507625	0.548225149	-0.788155175	-0.683888675	1.590193035
ZC3H14	-0.666532604	-0.294646189	-0.899444352	-0.429427015	-0.545163348	-0.219272626	2.642694009	0.483356865	1.049409652	-0.044075356	-0.795861482	-1.051807758	-0.81765134	1.058566246	0.529855298
JUP	0.097146302	-0.688967089	-0.85553137	-0.492605016	-0.527465263	-1.286234607	1.494280207	-0.141755225	1.914764262	0.239766966	-0.178128803	1.915404821	-0.545574791	-0.778435193	-0.166665203
LINC02237	-1.468147441	-1.416389224	-0.424304038	-0.870498846	-0.36160375	-0.637722299	1.106398507	0.513807486	0.647020714	-0.100732222	-0.752435173	2.121260241	1.080861498	0.117112434	0.445372114
RNVU1-19	-0.106836634	-0.604199255	-0.120832399	-0.604855482	-0.317934466	-1.017224707	0.580996226	-0.119896288	1.942645584	-0.336076444	-1.0202769	1.839634251	1.191857825	-1.417905243	0.11090393
PIK3CD	-0.760272719	-0.796661554	-0.526755942	-0.467551376	-0.735351998	-0.974032085	0.895571631	0.114862018	1.426083947	-0.644142211	-0.74053837	2.401836865	1.061622163	-0.302256058	0.047585689
FOXL1	-0.464837299	-0.10883564	-1.03474648	-0.174026367	-0.630385865	-0.743551401	1.52340867	-1.14853334	1.424040675	0.700519901	-0.015614071	2.044628518	-0.952909267	-0.648717635	0.229559601
GPR173	-0.738093438	-0.660979883	-1.008395593	-1.470308092	-0.371839653	-0.068090316	2.786526265	0.449188133	-0.600089578	-0.033698905	0.677844695	0.794422726	-0.262562865	0.051250611	0.454825893
HLA-B	-0.76833002	-0.849505439	-0.783625849	-0.45902988	-0.837832514	-1.137915885	1.207794394	0.471613185	1.144742725	0.075061398	0.179660079	1.230348455	1.975603054	-1.154942189	-0.293641513
HLA-C	-0.039682945	-0.382427435	-0.758162496	-1.427958705	-0.076817191	-0.648131869	1.007184563	0.127273689	0.851909897	-0.244730297	0.125607467	0.900979913	2.505361988	-1.03761984	-0.902786739
RHOJ	-1.227976007	-0.473742347	0.080155802	-0.649988947	-0.621713696	-0.1782253	0.923111282	-0.427455682	1.560519149	0.284805406	0.0576259	2.414880516	-1.182286941	-0.769673515	0.209964382
FBXL19	-0.633767722	-0.188789675	0.195498485	-0.541134966	-1.163680461	-0.167188868	-0.188894339	2.482690857	-0.37383344	-1.071581801	-0.646139134	1.652180153	1.049111536	-0.329600216	-0.074870408
LOC124904145	-0.550429514	-0.976038592	-0.13827665	-0.570293272	-0.925320648	-0.995006521	0.924628068	-0.226514521	1.848371628	-0.014370385	-0.387922587	1.659698654	1.545267587	-0.932551345	-0.261241903
PLA2G2C	0.33003606	-0.526152645	-0.817956728	-0.58928679	-1.004244015	-0.659981337	1.741704984	0.254921425	0.622724307	-0.188762963	0.972235258	0.857387996	1.573785817	-1.584467054	-0.981944315
CALCOCO2	-1.124034106	-1.035867952	-0.177278322	-0.964980549	-0.757569097	-0.672845591	1.926016085	-0.2453032	1.17191265	-0.522280801	-0.454291354	1.66063018	1.064231181	-0.210829174	0.342490051
LINC02073	-1.452760679	0.065141931	-0.009322131	-0.740626894	-0.713127822	-0.397196269	0.964480183	-0.521325633	1.582774578	-0.027138371	0.074313008	2.485612846	-0.691214555	-0.543115811	-0.076494382
TMEM26	-0.83961955	-0.391379951	-0.495712675	-0.058121517	-1.364618107	-0.204057411	2.340610593	-0.852819663	0.075927711	0.156341129	-1.349803539	0.833192099	1.393729947	0.313812492	0.442518443
MB	-1.188825454	-0.614757741	-0.984550024	-0.408042041	-0.850914066	-0.16139358	1.046877529	1.779385345	-0.31247541	-0.412039684	0.699599644	0.009901068	2.223126347	-0.312030829	-0.513861104
TRC-GCA2-2	-0.449457191	-0.383798865	-0.015312759	-0.292458503	-0.254372241	-1.188300176	0.185390442	-0.296462566	1.937935055	-0.122422916	-0.294362211	2.297014043	0.628227627	-1.547985411	-0.203634325
NBPF20	-0.599205915	-0.012932401	-0.573125415	-1.096464189	-0.858466135	-0.889457944	1.472949243	0.696605733	0.912640916	0.815666237	0.314910067	-0.696808331	2.118627234	-0.986465258	-0.618473842
TRT-TGT4-1	-0.351993489	-1.012201422	-0.192216009	-0.012294294	-0.475724724	-1.040994111	0.505680792	-0.509351618	1.805749516	0.342649578	-0.234380326	2.202801644	0.206032906	-1.591655364	0.357896921
LOC124904139	-0.732755203	-1.022621885	-0.39913212	-0.486678534	-0.96534202	-1.319929412	0.929163722	-0.00599017	1.729882639	-0.021253685	-0.024103953	1.437566463	1.734961809	-0.583401867	-0.270365785
CLSPN	-0.745044334	-0.416503349	-0.351651148	-1.409769076	-0.721141769	-0.417239259	2.500548613	-0.762611075	0.768345335	-0.111122346	-0.698284984	1.266668078	0.313191069	0.907681931	-0.123067686
PDE7A	-0.756883893	-0.575591888	-0.636815304	-1.350000382	-1.203673873	-0.401419926	2.335538714	-0.141381749	0.504652656	-0.228928447	-0.117005647	0.373605542	1.682206262	-0.166381695	0.682079631
LOC101928166	-0.18586928	-0.863400778	-0.785779572	-1.724223807	-0.287885561	-1.655313856	-0.168114903	0.212858865	1.350021102	-0.256322692	1.297680699	0.665353848	1.528044974	0.403245324	0.469705637
LOC124904138	-0.819490435	-0.788585983	-0.267006271	-0.47336587	-0.962343488	-1.313772337	1.099448573	-0.11890306	1.752634128	-0.017989329	-0.184756082	1.325163378	1.76059717	-0.698991885	-0.292638509
ARFGAP3	-0.675215607	-1.228084726	-0.92851353	-0.729710178	-0.405471833	-0.913721413	2.185005468	-0.263118498	0.795072972	0.278198172	0.643574165	0.681577744	1.562592796	-0.136162872	-0.866022661
AIFM2	-0.562025126	-1.39745514	-1.235890419	-0.964475132	-0.357521718	0.258509841	1.978141001	0.142694956	1.310950728	0.398833698	0.507881788	1.137753705	-1.148169318	-0.47890041	0.409671546
CTBP1	-0.529624535	-0.55161498	-0.881875151	-0.170085221	-0.766614082	-0.386667829	0.868694047	-0.532362719	1.616301753	0.030780488	-0.385727108	2.695201484	-0.561710174	-0.665443132	0.220747159
WDR74	-0.301044539	-0.85422081	-0.193459133	-0.437370639	-0.752733264	-1.091727882	0.761021279	-0.526882949	2.153202441	0.285629789	-0.277339494	2.115955625	0.358674512	-0.908462253	-0.331242683
RNU2-1	-0.54128998	-1.013971729	-0.371533492	-0.484143454	-0.831074379	-1.35068749	1.150549752	-0.038610002	1.725069093	-0.142205812	-0.098847775	1.387371589	1.702757115	-0.68517556	-0.408207878
LOC124904140	-0.601434206	-0.893363917	-0.337161651	-0.394463786	-1.038933099	-1.41626136	0.973638804	-0.111066561	1.735972275	-0.074787125	-0.044358886	1.369605607	1.764276279	-0.66802338	-0.263638994
LOC124904144	-0.698317819	-0.773148333	-0.329880036	-0.566894359	-0.935901247	-1.290844522	1.040196799	-0.112021488	1.714813111	0.117679986	-0.255836244	1.354824365	1.830990947	-0.688287945	-0.407373215
H4C8	0.089534984	-0.481858068	-0.205269233	-0.954007919	-0.594963098	-1.503934795	-0.945100521	0.60001817	1.372807105	-0.801225075	1.390189396	1.728097207	0.609947192	0.580913479	-0.885148824
STAG3	-0.973092438	-0.380062849	0.1247807	-0.76176164	-0.665967194	-0.521439598	2.30658383	0.006397099	1.066026357	0.35126189	-0.64448385	1.763111305	-1.069268486	-0.591477161	-0.010607966
CAMK1D	-0.718726936	-0.620562074	-0.929233436	-0.927851472	-0.894406617	-0.6225124	2.347557341	-0.032218093	0.346225715	-0.300072048	-0.274453336	0.146801131	2.00048284	-0.114757244	0.59372663
TRQ-TTG3-1	-0.136512127	-0.308400853	-0.107938861	-0.970858114	-0.611798912	-0.749781607	-0.633207014	0.409544249	0.823324125	0.41528084	-0.260043677	2.532223926	1.137639538	-1.669062614	0.129591102
GSKIP	-0.334273032	-0.606660114	-0.244624505	-0.972498228	-0.821987973	-0.819867358	1.223905697	0.6725841	1.256040129	-0.452571204	-0.571761361	-0.234965093	2.404204734	-1.006366469	0.508840678
RHNO1	-0.240191141	-0.930256153	-0.271758567	-1.722991867	-1.176702516	-0.402315418	0.721514539	-0.552538493	-0.315814981	1.194763607	2.12734416	0.049560909	0.951211253	-0.235790909	0.803965578
LOC124904135	-0.643281864	-1.06822467	-0.183850736	-0.381662613	-0.758473384	-1.551829041	1.102170749	-0.024640917	1.728745998	-0.048250693	-0.176895614	1.245622638	1.718320607	-0.681047094	-0.276703364
LOC124904142	-0.594485499	-0.899464814	-0.242727875	-0.499521681	-0.886873966	-1.405593124	1.093367007	-0.114195449	1.711389481	-0.099466819	-0.148280323	1.377737515	1.766458564	-0.62680779	-0.431535227
UHRF1	-0.744640838	-1.158838049	-0.869525725	-0.425126988	-0.146265611	-0.078196586	-0.49416785	1.275742034	-0.365937867	-0.195094747	0.680523205	2.69791377	0.88720127	-0.529364737	-0.53422128
LOC105371237	-0.229191936	-0.316651097	-0.845799992	-1.107823184	-0.923390809	-0.77758882	2.020958802	-0.19275102	-0.678323493	0.289585032	-0.354264069	1.591864233	1.75773638	-0.168240761	-0.066119267
LOC124904146	-0.459624401	-0.933881102	-0.288158864	-0.606919453	-0.864537893	-1.436469287	1.016430049	-0.041144869	1.732846742	-0.049423292	-0.185880369	1.318811069	1.809801044	-0.669047312	-0.342802062
LOC124904136	-0.612820444	-0.919358097	-0.348017081	-0.489767931	-0.706975064	-1.391961998	1.085527584	-0.06222811	1.768266142	-0.137010897	-0.097143754	1.358845576	1.746127762	-0.730961252	-0.462522435
LOC124903830	-0.956624958	-0.857534543	-0.775332446	-0.610059963	-0.732905441	-0.435018355	2.087726698	0.037560432	-0.070281248	-1.019075993	-0.10186595	1.029670077	1.923653542	-0.184247686	0.664335832
LOC124904141	-0.539893508	-0.86911497	-0.110412178	-0.497333581	-1.01115832	-1.415615554	0.952614805	-0.097351561	1.759629728	-0.045352835	-0.242460484	1.355064471	1.784545437	-0.667928465	-0.355232985
ANTXRL	-1.195123118	-0.837309981	-0.549875965	-0.885076814	-0.394625686	-0.054808277	2.197675687	-0.136196572	0.614152162	-1.617543087	0.611767996	0.788823078	1.204950533	0.516285951	-0.263095909
PPP2CA	-0.252506842	-1.136656848	0.081996998	-1.55977729	-0.911269133	-0.858223095	0.543785297	1.413005866	0.095579242	0.879137521	0.125226509	1.661450492	-1.281975693	1.060289975	0.139936999
FLT4	-1.262631257	-0.373060068	-0.262790379	-0.643204657	-0.801045893	-0.824248154	-0.342215571	-0.368410144	1.436189401	-0.527610412	0.558675954	2.567904607	0.950226851	-0.218078156	0.110297878
LOC124904137	-0.584227048	-0.791823246	-0.267391373	-0.624743764	-0.834757175	-1.446848246	1.012867769	-0.078136397	1.770301366	-0.127991089	-0.062806147	1.422499439	1.710550945	-0.693083683	-0.404411352
LOC124904143	-0.359894953	-1.07850824	-0.233284396	-0.591583758	-0.916872462	-1.341074089	0.964053255	-0.05441154	1.777726412	-0.08387007	-0.219565026	1.423788184	1.713626736	-0.661364284	-0.338765769
ARPP21	-1.113035996	0.323457006	-1.225053884	-0.612550206	-0.743317413	-0.989530822	0.573534232	0.539705013	0.871531284	0.659505395	-1.133492529	2.295738687	0.221985604	-0.45660041	0.78812404
TNFRSF1B	-0.475748767	-1.062928336	-0.110498784	-0.903919025	-1.155946475	-0.690928021	-0.666336359	0.633763052	1.578760894	-0.192186306	0.377330692	2.224890536	1.032996403	-0.67717305	0.087923546
EEF1A1	-1.306008736	-0.254756186	-0.503216603	-0.31328676	0.06159334	-0.776315675	0.205234402	-0.946158047	1.935795727	0.565215895	0.583975112	1.966668811	-0.841719491	-0.988234998	0.611213208
FAM182A	-0.852451448	-0.679977222	-0.497539201	-1.040596201	-0.975835978	-0.790149371	2.212014816	-0.208095229	0.97951046	-0.515349673	-0.213150735	0.96959934	1.595297892	-0.31719165	0.333914199
CCND2	-0.502621508	-0.398709868	-0.514094298	-1.331255225	-0.155536387	-0.503797758	-1.13596866	-0.403614787	2.482110572	0.018865224	1.078553188	1.22008004	-0.714987119	0.681074815	0.179901772
LOC105376959	-0.945907058	-1.182255347	-0.232618881	-0.467008346	-0.581516922	-0.642823887	0.485622228	0.708523567	2.10155422	-0.266333233	-0.186649508	2.158648065	0.202205504	-0.749281597	-0.402158805
CDCA7L	-0.553307658	-0.688648743	-0.524654224	-1.222221107	-0.892295586	-0.339544483	2.722966611	0.271900215	0.72141189	0.083329875	-0.087654463	-0.420003485	-0.461775767	-0.066041685	1.456538609
PDAP1	-0.277866487	-0.363070532	-0.343614051	-0.385624167	-0.652576575	-1.573851484	0.825927413	-0.557256389	1.625163214	0.196999921	-0.364354238	2.421545948	0.134282785	-0.933998568	0.248293209
FAM182B	-0.797917835	-0.658472786	-0.57257998	-1.005052416	-0.940646884	-0.86807132	2.207066206	-0.291479432	1.116925202	-0.560609008	-0.132324907	0.902275857	1.517288571	-0.344349376	0.427948109
TPX2	0.146201885	-0.378220425	-0.385690525	-1.208073059	-0.972262119	-1.164152074	1.531337879	-0.334408559	1.552253361	-1.037640301	1.224882987	1.42239763	0.140228618	0.116602249	-0.653457548
PGM1	-1.344551615	-0.490707363	-0.98628817	-0.503527083	-0.406131471	-0.270386031	2.552293269	0.964094993	-0.898480319	0.153693999	-0.419708668	0.477081888	1.332592139	-0.180244382	0.020268814
SNORD3D	-0.562812205	-0.732686795	0.104188741	-0.615543989	-0.722820233	-1.379043233	1.362376267	-0.657112462	1.393887527	-0.359128028	-0.379916432	1.274678594	1.543185375	-1.079576421	0.810323294
LOC100132077	-0.646844585	-0.475098301	-0.788531305	-1.189373165	-0.632983905	-0.930520767	2.270856789	-0.350836839	0.846083221	-0.687577345	-0.218915511	0.799841346	1.563172198	-0.201626078	0.642354248
PRKAR2A	-0.363189589	-0.022211657	-1.067390203	-0.540570183	-0.441047359	-0.576434527	1.018619296	-0.557285171	-0.481826394	-0.658478811	2.774836182	-0.679240559	0.826429956	-0.231141821	0.998930839
SNORD3B-1	-0.500286896	-0.767571427	0.05383266	-0.651080313	-0.653571377	-1.402034027	1.345697664	-0.640743991	1.421438417	-0.313060151	-0.373300875	1.247651812	1.528302325	-1.128873336	0.833599516
SNORD3C	-0.608536132	-0.666623501	0.0675672	-0.689460026	-0.702507365	-1.387416052	1.319498632	-0.65415734	1.441798259	-0.31559503	-0.372259516	1.245796069	1.543560522	-1.070474382	0.848808663
SH3TC2-DT	-0.519027959	-1.430543022	-0.576260486	-0.545380261	-1.156013528	-0.832612811	1.817502915	-0.29991429	0.988948645	-0.336247953	0.486231144	0.608303149	1.96803724	-0.238316355	0.065293573
LOC105374776	-0.11956834	-0.961593592	-0.417496957	-0.534223888	-0.542046208	-0.570602584	2.86230049	-0.796581948	0.484868724	0.914488467	-0.703298518	-0.067664655	1.113663743	-0.580630772	-0.081613962
NBPF26	-0.478687761	-1.544485998	0.294022398	-0.839977543	-0.697160679	-0.854923747	1.636187509	0.332124062	1.106361245	0.209259911	0.603300638	-0.790552516	1.968083288	-0.554842424	-0.388708385
ZNF782	-0.65592785	-0.782523321	-1.047862483	-0.849227862	-0.680686	-0.775890091	2.403334668	-0.187315886	0.795821118	-0.521310817	-0.292483681	0.554716954	1.535716365	-0.237140623	0.740779507
LIN7A	-0.692372005	-0.708509737	-1.087490509	-0.868581204	-0.714945224	-0.764208058	2.092703632	-0.517768412	0.521470343	-0.48091018	-0.23633634	0.750839044	1.947199854	0.118174676	0.640734121
SNORD3B-2	-0.619678296	-0.669831325	0.071242151	-0.636296168	-0.576993872	-1.381168416	1.343464536	-0.626995086	1.40752422	-0.341901855	-0.360396617	1.270939371	1.524870231	-1.21936105	0.814582176
TRA2B	-0.44776967	-1.221269854	0.215723775	-0.835476011	-0.600028366	-1.155822039	0.775235282	-0.339139761	0.559320321	0.219329302	0.716074129	2.375397133	-1.400144605	0.453771558	0.684798806
PYY	-1.01216248	-1.155114419	-0.132070874	-1.799087947	-0.113286484	-0.18451729	2.24037312	0.423513011	0.167930008	-0.269823146	-0.750041355	0.083110916	1.33908723	0.544255904	0.617833808
LOC105377273	0.157878756	-1.989876646	-0.761835842	-0.669660572	-0.632083088	-0.569691815	2.052575744	0.55474398	0.272470402	-0.132839837	0.015665435	0.779987186	1.604350896	-0.683580928	0.001896329
SOX6	-0.537045162	-0.736133724	0.029261952	-0.620008226	-0.220596463	-0.730403008	1.178424279	-0.442557856	1.732548709	-0.395322542	-0.692843013	2.307311544	-0.972816466	-0.543466138	0.643646114
QSER1	-0.068361253	-0.752912365	-0.122749369	-1.547628426	-0.600067184	-0.355088026	1.342594391	0.409140284	0.505315443	-0.679187868	2.518595817	0.248648708	0.580889517	-0.806229509	-0.67296016
LCK	-1.133172077	-1.236420488	-0.00047659	-0.468497307	-0.905101932	-1.216833986	1.940519437	0.389554147	0.729955114	-0.561244097	0.002488626	0.839902755	1.714274455	-0.403785819	0.308837761
LRP3	-1.414429471	-0.654707653	-0.004514235	-0.596540122	-0.970935627	-0.370264952	-0.084336436	-0.525228829	1.18650947	1.140301683	0.107259243	1.71519773	-1.447829123	0.604729817	1.314788505
LINC00836	-0.963420289	-1.035785106	-0.357113896	-1.212720363	-0.052671692	-0.452176322	1.688036593	-0.884843217	-0.642906554	0.041608729	0.67610241	0.882529211	1.855081072	-0.596611024	1.054890448
LOC101928437	-0.452995964	-0.915227406	-0.775536768	-0.541699307	-1.049635052	-0.962446821	2.437105191	0.00695398	0.371048648	-0.225743805	-0.057133773	0.079362778	1.850032019	-0.354293667	0.590209947
SNORD3A	-0.694313771	-0.769257035	0.179282196	-0.549709827	-0.662696375	-1.395427625	1.357478708	-0.640759337	1.430937505	-0.19516814	-0.389431121	1.206844592	1.539556362	-1.157620531	0.740284398
PRDM6	-0.584140825	-0.412963123	-1.588811561	-0.181470908	-0.199801533	-0.917735506	2.2844976	-0.710347224	0.972763462	-0.351775788	-0.756132661	0.821669347	1.236088132	-0.256011502	0.64417209
TMEM138	-0.753369918	-0.93290786	-1.040602768	-0.61408742	-0.067785109	-0.645151025	1.456982763	-1.387995519	0.468957867	0.344783417	-0.756335298	1.305863502	1.930916041	0.188996034	0.501735291
LOC105376850	-0.356493153	-0.674493726	-0.295972959	-0.911914935	-0.54523467	-0.788550034	2.605051916	-0.727548149	1.020162258	-0.578280786	0.034294808	0.078883783	1.029156995	-0.89747661	1.008415261
RUBCNL	-0.849981603	-0.565367194	-0.765366206	-0.763606546	-0.974204075	-1.460118968	1.085221112	0.164411599	0.957521669	-0.467871817	-0.172093338	1.560249474	1.720876196	-0.36787062	0.898200316
LOC105370265	-0.760615361	-1.019664644	-1.300615048	-1.219026315	-0.215438091	-0.460956717	2.109739723	0.850477867	1.019279799	1.100588926	-0.514766965	-0.0133735	0.794208953	0.34251093	-0.712349557
ZNF594	-0.559931882	-1.610998595	-1.411336452	-0.860675977	-0.505285882	-0.655153001	1.692118425	0.835011202	-0.249405206	0.397164742	0.891692076	1.024220729	-0.362302012	-0.010047408	1.38492924
ZNF600	-0.295282166	-0.476149973	-1.029399922	0.004505976	-1.48855298	-0.480592654	2.333087155	0.855262483	0.121394934	-0.901177286	-0.686619628	0.25250338	1.286706851	-0.403599839	0.907913667
MSH3	-1.001780751	-0.621555278	-0.062227754	-0.936836635	-0.837788077	-0.845129481	1.845035839	-0.44180481	1.629608627	-0.386611138	-0.53978957	1.637727071	0.815758647	-0.471249641	0.216642951
HEATR4	-1.111395419	-1.255846568	-0.020820929	-0.386801969	-0.732732863	-1.206610398	1.532375887	2.07671928	0.876779096	-0.046519492	-0.224445586	0.823890372	-0.402919176	-0.560155366	0.638483131
ARPC2	-0.070897406	-0.798798713	-0.389028306	-1.700344471	-0.965294144	-1.345519433	0.66757986	-0.680124889	1.112967589	0.615723429	-0.232459565	1.237645077	0.963972967	-0.006343951	1.590921954
BTRC	-0.272746416	-0.685978736	-0.502986096	-0.453529052	-0.859542327	-0.62937312	0.803746135	-0.620491992	2.082252345	-0.224954895	-0.365015621	1.967134949	1.186881353	-0.803847698	-0.621548829
TRD-GTC3-1	-0.665139142	-0.735160331	-0.222994817	-0.391399173	-0.03556334	-1.573107905	0.295463112	-0.589449559	1.961270974	0.639299292	0.669955108	1.933665095	0.030184104	-1.202640534	-0.114382884
CNIH3	-0.319844458	-0.830344821	-0.876374744	-0.896691224	-0.876981954	-1.150639852	2.285052934	0.230854914	0.834359653	-0.052682904	-0.682282167	1.066760843	1.274921818	-0.41563454	0.4095265
TRA-TGC3-2	-1.09516895	-0.646076012	-0.052125976	-0.215358611	-0.318349654	-1.230952011	0.111374546	-0.080183006	0.933931899	0.326471777	-0.359506993	2.623822399	0.948119335	-1.297554521	0.351555779
DCUN1D2	-0.902828113	0.064391271	-0.127780493	-0.78416721	-1.731689279	-1.479290945	1.644200372	-0.026330412	1.395914004	-0.194062916	-0.39928064	0.746096879	1.110721515	-0.15208607	0.836192037
LINC01446	-0.301254122	-0.445450438	-1.407992821	-1.180207109	-0.487284223	-0.637317536	0.999670967	0.251644795	1.769866943	-0.669083019	0.141302933	-0.109644992	2.145231637	-0.488987151	0.419504136
RNF217	-0.635204451	-0.910749458	-1.070673137	-0.923336105	-0.407423154	-0.693653655	0.900198527	0.939688523	-0.04713499	-0.770312866	0.378273026	0.60773636	2.702367614	0.049895742	-0.119671977
KDM1A	-0.902105831	-0.514735465	-0.566365655	-0.696802264	-0.390703698	-0.859487864	1.865546401	0.982708162	0.361215621	-0.720189087	0.720872266	1.550681606	-0.862150312	-1.093381794	1.124897915
KSR2	-0.220289264	-0.635504974	-0.913005351	-0.440596298	-1.221262381	-0.476177868	2.626281947	-0.100131146	0.5565339	-0.511312228	-0.32419901	0.363995003	1.728297488	-0.166676721	-0.265953097
KLHL4	-0.459985117	-0.768445109	-0.496008025	-0.969665074	-0.879190941	-1.049052212	2.290063358	-0.25339893	0.731443577	-0.243031029	-0.175349204	0.866256266	1.759385351	-0.561591048	0.208568138
MME	-1.538415094	-0.96708635	-0.444429793	-0.240663315	-0.18357675	-0.953011069	-0.22521973	-0.274829019	1.403890586	-0.086937253	-0.119657663	2.446351756	1.134745026	-0.20811052	0.256949189
TIMMDC1	-1.381268249	-1.250712759	-0.259240342	-1.317442703	-0.234937878	-0.80138942	1.643641634	0.002116078	0.384767659	0.66330424	-0.052613572	1.275076995	1.650432558	-0.569327274	0.247593034
LOC107984223	-1.581600737	-0.701676571	-0.819581222	-0.196457376	-1.477107614	-0.027507354	1.237423	0.353740821	-0.435284873	0.423856749	0.184324792	0.785000745	2.227250263	-0.474336806	0.501956184
RNU5A-1	-1.248828772	-0.515129872	-0.263499257	-0.136837843	-0.76476747	-0.942882108	1.598714039	-0.50879224	1.993830331	-0.072217031	-0.272147462	1.765918161	0.360882017	-0.478974548	-0.515267946
QRICH1	-0.597801686	-0.280261401	-1.093068487	-0.118864931	-0.884881778	-1.465005996	2.290738383	-0.529199267	0.494514695	-0.267210176	-0.533601114	0.838442746	1.522208225	0.108397764	0.515593022
MIPOL1	-0.525036446	-0.862483933	-1.132515098	-0.721051768	-1.067050262	-0.813290211	2.319493701	-0.54445016	0.83966966	-0.472571565	0.176291565	1.020737537	1.169081464	0.037012696	0.576162819
KIR3DL2	-0.448203404	-0.680669979	-1.330361122	-1.35448015	-0.368835112	-0.389907185	2.248246768	0.019729458	0.820360711	0.050860241	-0.571816225	0.484472571	1.302645405	-0.736701582	0.954659605
RUVBL1	-0.264714298	-0.565705309	-0.165750893	-0.762589192	-0.649296585	-1.129381122	1.205884419	0.466451693	1.403446014	-0.422872804	-0.268402921	-0.096707773	2.512844607	-1.01236457	-0.250841265
LOC105379380	-1.360537995	-1.047915564	-0.138271471	-0.662033937	-0.789786435	-0.367851408	2.221456754	-0.360433587	0.638135237	-0.167673983	-0.496944533	1.068100649	1.703576737	-0.20790744	-0.031913024
RFX1	-0.563198678	-0.685556645	-0.946602928	-0.742881962	-1.058177554	-1.054182384	2.359697603	-0.046720537	0.547188913	-0.287875916	0.144852368	0.978857701	1.437378192	-0.557420948	0.474642776
LOC107984326	-0.714050615	-0.676411389	-0.92853215	-0.669203012	-0.685028909	-0.843309925	2.044718283	-0.524194199	1.18097903	-0.383335169	-0.217010111	1.312395021	1.538829689	-0.613142679	0.177296135
RNU5B-1	-1.038861652	-0.388684561	0.065315451	-0.636836535	-0.999839445	-1.125974119	0.73637298	-0.314291599	2.073820894	0.208008174	-0.463606272	1.905307665	0.879915514	-0.653277614	-0.247368882
LOC105370053	-0.900630995	-0.958206113	0.374883886	-1.510371977	-1.34283695	-0.399813582	2.330792486	-0.063043063	1.044393451	0.110186566	-0.016103498	0.392318035	1.038771158	-0.282723317	0.182383913
AFF1	-0.200159216	-0.70535873	-0.77825006	-0.773406457	-0.878933678	-1.066721093	2.441137223	-0.286069635	0.681407634	-0.338807025	-0.306505878	0.57477514	1.723996517	-0.44839375	0.361289008
SNTG2	-0.37368546	-0.730884892	-0.761692365	-1.046501446	-1.057658172	-0.569634786	2.152298047	-0.097619503	0.583186928	-0.202960177	-0.281719642	0.729379524	1.95068727	-0.748661621	0.455466295
MAGI2	-0.632896984	-0.749960928	-0.704595079	-0.879489999	-1.081210332	-0.970947194	2.186412948	-0.089820437	0.866381026	-0.482837136	0.000521282	0.686898477	1.725896022	-0.397953004	0.523601339
SPDYE14	-0.815167176	-0.479827828	-1.257727999	-0.43230556	-0.372324942	-1.137583345	1.287998111	-0.122182728	0.475966577	-0.264801443	-0.230200454	-0.296809175	2.217588564	-0.249575636	1.676953032
LOC124903664	-0.071524006	-0.930848679	-0.367718987	-1.056765756	-1.073954302	-0.879617319	2.157537928	-0.553153226	0.860784264	-0.009831394	-0.482440424	1.417561814	1.381176676	-0.297912367	-0.093294223
MLXIP	-0.210481264	-0.827372615	-0.891522009	-0.873561992	-0.692449753	-0.215275852	2.08022737	-0.904772814	0.071719128	-0.506810604	-0.068995582	1.673593767	1.381789338	-0.737526855	0.721439736
CDH7	-0.859725894	-0.616574073	-1.106447106	-0.51942609	-0.750409388	-1.030433791	1.731546401	0.446728655	1.011448271	-0.357755184	-0.564544218	0.669400639	2.048187764	-0.523149023	0.421153037
PDGFC	-0.461246689	-0.666633559	-0.453901076	-0.546197417	-0.404094989	-0.955871006	1.073919262	-0.264056071	0.870551487	-1.11014339	-0.063855217	2.092935198	1.651624935	-1.138079065	0.375047597
CPM	-0.779425823	0.214255459	-0.950059252	-1.420841815	-0.37170706	-1.016787255	2.076590877	0.003479059	1.467864564	0.054429113	-0.972582295	1.100583661	0.765822768	0.025814523	-0.197436526
LOC105373602	-0.50175913	-0.97269504	-1.477883552	-0.621598724	-0.271273881	-0.518366002	0.737853337	1.67308489	-1.049775686	1.421319639	-0.387947727	-0.032166363	1.781246145	-0.083536171	0.303498264
SMAD9	-0.961160089	-0.499795648	0.194499634	-0.867274615	-1.219605803	-0.821488507	2.533380355	-0.42842967	0.768656263	-0.615339122	-0.144307428	0.793085857	1.163287744	-0.331517747	0.436008775
DOCK8	-0.170506838	-0.583394982	-1.181317506	-0.43299623	-1.517739488	-0.747851491	2.418502835	0.189095806	0.609743562	-0.196039568	0.224783049	0.256399718	1.62743253	-0.218341416	-0.277769982
NBPF1	-0.234157446	-0.594919504	-1.499687027	-0.400281249	-1.1931019	-0.940488175	1.228767194	0.181249199	1.64621783	0.02264562	1.189363689	0.217655867	1.43754737	-1.044951954	-0.015859514
LOC105372047	-0.684737702	-0.756562973	-0.732005517	-1.103655185	-0.601262736	-0.332373192	2.485255919	-0.647098874	-0.093736064	-0.29294512	-0.006540874	0.715301044	1.859771026	-0.069666843	0.26025709
EMILIN2	-1.966542342	-0.538693195	-0.641292163	-0.357144802	-0.928952506	-1.024831368	1.053850794	1.507055376	-0.292679352	0.586158781	0.086187327	1.337438777	0.29151736	1.251447227	-0.363519914
LOC105374039	-1.601018041	-0.282086575	-0.373362599	-0.72738791	-0.790256504	-0.356279361	0.803221681	0.709855202	0.198726128	-0.527699975	-1.169259817	1.339966459	2.232493943	-0.02513516	0.568222529
CDC23	0.038017505	-0.995333007	-0.419637432	-0.69959532	-1.044368562	-1.230988055	1.881386345	-0.515721808	0.617086774	-0.1316857	-0.36079015	0.916842948	2.119185099	-0.254016857	0.079618219
THRB	-0.785353776	-0.676550022	-0.750467424	-0.976245178	-0.985737737	-0.226626912	1.338095109	-0.369589187	0.370644095	0.173335045	-0.100731867	0.338149967	2.755983138	-0.584547625	0.479642375
TPST1	-0.945824767	-0.262788923	-1.050401382	-1.314949445	-1.020139043	-0.217170649	1.632263878	-0.445588822	0.820803856	-0.03385276	-0.534769151	1.418014568	1.792510301	0.247431572	-0.085539232
LINC01709	-0.733931694	-0.958875954	-0.712665218	-0.206545355	-1.429927314	-0.760259504	2.109135031	1.424528949	-0.013967454	0.321127724	-0.95891132	0.849433955	1.01214902	-0.215994619	0.274703752
LNX2	0.059158042	-0.500388881	-0.353174708	-1.753961589	-0.71059372	-0.854778062	0.555967508	-0.265770245	1.181707326	0.114849176	0.803167997	1.151139396	-1.587563926	0.490133368	1.670108316
LOC105373153	-0.273737201	-0.738249147	-0.525740434	-0.655194294	-0.960613829	-1.091721801	2.388763718	-0.430557137	0.658293058	-0.311304961	-0.277164773	0.71384092	1.727174109	-0.633116676	0.409328448
EGFLAM	-0.02460533	-0.998797317	-1.013795217	-1.142595887	-0.51300197	-0.632752049	1.689631111	-0.730739264	0.707828589	0.152370064	-0.346056364	0.279470793	2.390999151	-0.192323599	0.37436729
CLTCL1	-0.358481466	-0.87506982	-0.46306204	-0.980917641	-1.069642349	-0.694061532	2.588430592	-0.228465594	0.909085028	-0.063082258	-0.365877914	0.969767183	1.108106853	-0.628765768	0.152036727
IGF2R	-0.735259732	-0.382616772	-0.858472249	-0.522149722	-1.270939614	-1.068929054	2.361323681	0.127952233	0.247004014	0.045270852	-0.407158513	0.581960714	1.688725961	-0.410934552	0.604222753
UBASH3B	-1.036608248	0.05135971	-0.684146349	-1.126722185	-0.82290886	-0.912903526	-0.782544461	-0.110021847	1.789026258	-0.105959768	-0.478153619	0.525424169	1.739850361	0.531671194	1.422637172
TRMT11	-0.62706188	-0.307686553	-0.815638894	-0.984031309	-0.68844946	-0.725421096	2.469097269	-0.577209419	0.706252447	-0.89311665	-0.220761176	0.512374696	1.604049691	0.030794242	0.516808091
ADAM10	-0.471162881	-0.804327426	-0.430392484	-0.578351528	-1.132848405	-1.018511197	2.251755525	0.288401878	0.868259389	-0.869158923	-0.661753524	1.323421191	1.065113718	-0.295703282	0.465257948
KCNH5	-0.305361729	-0.972869418	-1.478948436	-0.304518578	-1.049582438	-0.556606883	1.365883357	-0.156513368	0.747458386	-0.021948324	0.061998467	0.39801737	2.450020032	-0.653751285	0.476722848
LINC02325	-0.308562539	-0.623857015	-0.897616543	-1.022921937	-1.146337481	-0.998930429	1.911225726	0.760175131	0.447511313	-0.532883575	-0.204639469	1.262248245	1.551419164	0.437893115	-0.634723706
CDC34	-0.822429741	-0.045154962	-0.212801045	-1.625457169	-1.817435687	-0.867631443	0.507985276	0.95205344	0.972549799	0.72154327	0.10218567	-0.077548355	1.894256822	-0.223285582	0.541169706
LOC105370286	-0.693980894	-0.302856102	-0.739032912	-0.980351248	-1.193725437	-0.627626599	2.613391319	-0.224736196	0.418424228	-0.498653963	0.527974359	0.596272083	1.434430431	-0.32331591	-0.006213159
MAGI3	-0.499810107	-0.398254268	-0.629484671	-1.375156923	-1.342112923	-0.556843146	1.916267465	-0.357859884	0.223660057	-0.177774158	-0.159408945	1.298368833	1.886839248	-0.026262393	0.197831815
DNAH3	0.121481061	-1.40950792	-0.771579215	-0.940645823	-1.346519126	-0.84998133	1.636403415	-0.036591545	1.167156457	-0.774176077	-0.097780286	0.32738205	1.371176478	0.628270605	0.974911257
DNMT1	-1.837129544	-0.738013534	0.076851061	-1.116078571	-0.555239263	-1.087783082	1.369545785	1.239787786	1.024275145	-0.793803706	0.189665899	0.540962405	1.364204041	0.202886235	0.119869344
RTN4RL1	-0.356721237	-0.896052471	-0.903461964	-0.715821012	-0.867229983	-0.762418436	2.766529638	-0.307297407	0.600529279	-0.127140975	-0.244960032	0.003059713	1.45610978	0.036600501	0.318274606
LOC105370214	-0.492804772	-0.189434242	-0.50556307	-1.595269316	-0.75023818	-1.334148553	2.07396453	1.353867152	-0.020681181	0.243461735	0.093849733	-0.477968542	1.388728234	-0.206638696	0.418875167
LOC105376942	-1.871203283	-0.298122474	-0.681811375	-1.007637479	-0.236143922	-0.676245275	-1.404031572	1.071320097	1.383004967	0.765915157	1.012607141	0.467588748	1.061323596	-0.206927343	0.620363016
LOC124905361	-1.054283015	-0.561327434	-0.684473352	-0.437720358	-0.67580998	-1.11275828	2.897397318	-0.37418138	0.081372803	-0.165607793	0.311683788	1.154614999	0.2872292	-0.034140175	0.36800366
LOC107984782	-0.444806223	-1.710669303	-0.684385974	-0.660500893	-0.664493954	-1.487000703	1.89098256	0.954980328	-0.046640054	0.731339162	-0.405530201	0.500764625	0.822500318	0.113023063	1.090437248
IGH	0.9089673	0.683234523	2.48947751	0.515691653	0.752521569	0.18810791	-0.322144011	-0.579099407	-0.382240376	-0.825716407	-0.175216278	0.094723513	-1.747473857	-0.808755425	-0.792078216
LOC105369812	1.083055033	1.025740536	0.678525814	0.837983926	0.966736487	0.099654653	-0.701729373	1.4616914	-1.624494874	0.368962236	-0.257076443	-0.597912798	-1.325388427	-1.168774515	-0.846973655
ANKRD55	0.810929735	1.343998947	1.306537787	0.653975846	1.435273856	-0.081647229	-0.954376962	0.126446642	0.193970336	0.219805524	-0.826854483	-1.395544433	-1.644685503	-0.968214946	-0.219615117
XXYLT1	1.077913637	0.934522741	1.93630638	0.899668725	0.700363078	-0.131388149	-1.290979917	0.078950604	-0.801479326	-0.130787415	0.625370182	-0.798978409	-0.831390315	-0.764457845	-1.503633971
LOC105377448	1.663214259	1.251889511	0.656512739	0.998499824	1.076228806	-0.415793452	-0.041105286	-0.652062908	-1.353019941	0.370740545	-0.666520787	0.323585047	-0.680721024	-0.881088047	-1.650359286
STAG1	1.320061691	1.072656384	1.140033015	1.026902645	0.945955984	-0.420241338	-0.41776574	-0.494440244	-0.724579544	0.370238207	-1.110506425	0.663844607	-0.254322057	-1.58200675	-1.535830436
UNC79	1.673674453	1.100292126	1.095529987	0.938081522	1.040593796	-0.06287716	-0.950968168	-1.083166249	-1.677204416	0.488050635	-0.617124029	-0.838129522	-0.345949943	-0.064168708	-0.696634324
LINC00886	0.759110988	0.383818414	1.211496778	1.033519563	0.999042477	1.570784425	-0.790639831	0.160873376	-0.540185708	0.416338787	-0.887941725	-1.243953447	-1.521211072	-0.384284582	-1.166768444
TRN-GTT2-5	1.583554494	1.232168147	0.967042991	0.913207603	1.115314166	-0.309692392	-0.764728664	-0.590197656	-0.950318256	0.569436738	-0.646014227	-0.561395837	-0.056731746	-1.898828229	-0.602817133
LINC02755	1.104026038	0.215771439	-0.183143396	0.894649136	-0.053133629	0.361470706	-0.560402783	-0.432308291	-0.269063922	-0.684203842	-0.758549147	-1.513172231	2.725508288	-0.232533794	-0.614914572
PLPP1	1.297221496	1.226641265	1.236568733	1.016820361	0.749207511	-0.074018769	-1.644408606	-0.145596569	0.029436547	0.684263033	-0.736270741	-0.408294649	-1.52094351	-0.815303689	-0.895322413
GOLM2	0.631437116	0.931607737	2.239265619	0.729700689	0.691561851	-0.688674622	0.535605558	-0.910828168	-0.206421722	0.149666113	-0.803720033	-0.209633889	-1.790148391	-0.253595297	-1.045822559
PLCE1	1.552303858	1.050961831	1.202978236	1.046850447	0.970105355	-0.161094541	-0.042199881	-0.459038121	-1.021354123	0.395647088	-0.795787751	-0.715928553	-0.054168136	-1.541474384	-1.427801325
LIN52	1.136902362	1.304439971	0.755784441	1.051948395	1.094647127	-0.447144701	0.398720241	-0.208259259	-0.693119905	0.53012416	-0.399825333	-0.262722531	-0.763574468	-1.613972781	-1.883947719
G3BP2	1.418080345	0.889533496	0.998398229	1.004005864	1.068354286	-0.184689674	-0.074609429	-0.455957539	-0.400193434	0.669607302	-0.810369546	-0.338807084	-0.217623337	-1.881367169	-1.684362309
TMX1	1.434257595	1.469083941	0.90218084	1.12731659	0.983809711	-0.75388155	-0.27293086	-0.415597293	-0.755338174	0.629782087	-0.806949892	-0.037690777	-1.019681419	-0.949803229	-1.534557569
MTMR9	1.357021022	0.063810784	2.52788483	0.155991464	0.787398855	0.345059274	-0.836575659	0.150087955	-0.106389531	-1.166229043	-0.715904411	-0.664684527	-1.116114888	-0.83886011	0.057503987
MCU	0.464862536	0.88582643	2.01566689	0.43210538	1.065395312	0.718108523	-1.479082507	-0.166994651	-0.998903759	-0.21608699	0.549194061	-0.69677769	-1.081059894	-0.125824292	-1.36642935
HDAC9	1.44096352	1.481386386	0.597687844	1.30421478	1.135917375	-0.450559747	-0.327366883	-0.00132544	-0.834936719	0.200120199	-0.179053972	-0.612080745	-0.91183219	-1.258145662	-1.584988746
COQ5	1.554276804	1.002623939	0.932594156	1.099533195	0.990010887	-0.271871598	-0.334940541	-0.711132015	-1.482830945	0.606947429	-0.760046904	-0.61060264	0.470107898	-1.280159023	-1.204510642
ZNF674	0.090856962	0.299354163	1.675041787	0.823784664	0.416514596	-0.316515857	0.092677039	-0.296499727	-0.885824991	-0.850388017	-1.422445395	2.291549642	-0.620784654	-0.510297712	-0.787022501
LRRN2	0.959718185	1.123287654	1.36261752	1.285277758	0.908275116	-0.244565999	-1.022043819	-0.144557	-0.45187375	0.763687871	-0.370837636	-0.19167261	-1.563255839	-1.067421381	-1.346636071
SMC5	1.026489698	1.202448661	1.00657717	1.070614408	0.960069857	-0.266455373	-0.026257514	-0.50565314	0.245604192	0.677438075	-0.427093587	-0.397707309	-1.151322463	-1.512080379	-1.902672297
CCDC158	1.436288721	1.005335803	1.156839408	1.029691869	1.08574268	-0.282828461	0.386964779	-0.619550322	-1.311026748	0.59610052	-0.776956316	-0.982268834	-0.347051777	-1.459380486	-0.917900836
IL17D	0.132524108	0.459097752	2.140596782	0.778047297	1.003480887	0.783563118	-1.151863118	-0.664160267	-0.856449349	-0.577196542	0.311797551	-1.909407967	-0.3138138	0.304609825	-0.440826277
TRN-GTT2-7	1.544948691	1.308035457	0.778850376	0.905433073	1.054405621	-0.394921649	-0.743119929	-0.718656407	-0.220738926	0.226059262	-0.967442041	0.722406136	-1.285327249	-1.598788684	-0.611143731
TRPM6	1.17940271	1.290212501	0.682431771	1.070682922	1.003959933	-0.301040889	-0.074674646	-0.220221102	0.07722702	0.715716821	-0.393318528	-0.513957461	-1.00483527	-1.572389622	-1.93919616
SLC2A12	1.941865644	0.940879646	1.225901851	0.059943062	1.399762776	0.161020774	-1.24785673	0.059818082	-1.024477744	-0.551437	-0.268772376	-0.65758903	-1.394912484	0.05205518	-0.696201651
LOC107985365	1.520096041	1.049133732	0.824342475	1.042317167	1.069826198	-0.141864675	0.208677247	-0.696486494	-1.337275492	0.643727859	-0.772785815	-0.461094346	-0.083047835	-1.38674526	-1.478820802
WIPF2	1.160681043	1.296690217	0.717492423	1.090092814	0.972423777	-0.302837896	-0.01933333	-0.183147006	-0.116615768	0.772411162	-0.452763445	-0.45999772	-0.94427801	-1.61495941	-1.915858853
C18orf25	1.129770159	1.273187423	0.740077379	1.118572741	1.017530531	-0.285019452	-0.031539018	-0.208649028	-0.208193989	0.796729194	-0.450347895	-0.430124964	-0.970846128	-1.604114146	-1.887032808
MSN	1.139925848	1.261314635	0.765303321	1.09442451	1.032974073	-0.293683981	-0.091716661	-0.235627827	-0.056490302	0.738462647	-0.421008353	-0.447192887	-0.976088418	-1.570444952	-1.940151654
ART1	1.135270514	1.278781737	0.753465072	1.109226277	1.013781574	-0.279359022	-0.03679362	-0.203230528	-0.220645652	0.786461918	-0.44527574	-0.423317558	-0.980454115	-1.601462984	-1.886447871
ATAD5	1.035718527	0.99301989	1.893750063	0.894478908	0.643975976	-0.503800541	-0.643505527	-0.346123203	0.309061321	0.295188194	-0.528413025	0.037014732	-1.002910554	-1.810717516	-1.266737245
API5	1.421292217	0.808180401	0.961781514	1.023988754	0.951435394	-0.087366248	0.140348178	-0.621116876	-1.133187042	0.672582653	-0.643614734	-0.10608472	0.001570505	-1.442449349	-1.947360647
FOXM1	1.724213675	1.173607065	0.885135353	0.672706006	0.74999228	-0.084800278	-0.734458248	0.219376706	-0.252801466	0.28128569	-0.386415484	-0.127345686	-0.528904194	-1.465316551	-2.126274869
FTCDNL1	1.16554471	1.305972594	0.712763346	1.08016844	1.005758717	-0.281864553	-0.051736595	-0.199351675	-0.083042203	0.741251494	-0.412037614	-0.496564833	-0.987859188	-1.579718002	-1.919284638
ATP10A	1.31857657	1.261469924	1.074585857	1.046235959	1.084543406	-0.067629037	-0.093921223	-0.095979373	-0.571979613	0.396559917	-0.541635858	-0.794252308	-0.825951383	-1.452125565	-1.738497274
AKAP12	0.33392419	0.823553964	2.546997619	0.493484347	0.288122764	-0.643985619	-0.348701834	-0.352162399	0.351199447	-0.411995759	-0.597324889	0.096452805	0.515142267	-1.654655874	-1.440051028
LOC105376615	1.180355942	1.316775134	0.730765896	1.094470011	0.999233535	-0.243469992	0.039495009	-0.134137108	-0.489010414	0.778230655	-0.37675195	-0.501246982	-0.994266723	-1.533421591	-1.867021421
TAGAP-AS1	-0.445756816	1.893335766	0.59138022	1.298330792	1.158904267	0.983841522	-0.300793144	-0.7464595	-0.29649278	-0.2916453	-1.289050557	-1.024273153	-1.309456214	0.436546292	-0.658411396
PRKD2	1.006347657	1.022570175	1.7070693	0.846030802	0.892962919	-0.30055086	-0.994358867	0.169851818	-1.328819349	-0.399236351	0.617087271	-1.047586061	-0.101627462	-0.408777932	-1.680963059
RIOK3	1.493542204	1.027953663	1.053677027	1.019090882	1.010274797	-0.035074583	-0.323923041	-0.387086097	-1.151830045	0.819478944	-0.68879606	-0.842137482	-0.136523074	-1.409955323	-1.448691813
LOC105369760	1.396175327	0.965772857	0.879157712	1.037310882	1.08061084	0.038409206	0.089040305	-0.39698906	-1.272170799	0.790742368	-0.540780724	-0.735731033	-0.237252542	-1.465707559	-1.628587779
ATP5MC3	1.191028805	1.007346356	1.102750391	1.030549328	1.211012469	-0.080561513	-0.171760379	-0.46286845	-0.479740729	0.544737875	-0.44494909	-0.798937996	-0.13218799	-1.692727434	-1.823691643
MIR3135B	1.099758863	1.010134626	1.434824249	0.849467573	0.894025658	-0.37189228	-0.767386504	0.223635557	-1.588668222	-0.328609271	0.715472849	-0.966883529	-0.167340928	-0.233094718	-1.803443922
ZNF133-AS1	1.266936297	1.322327439	0.658640386	1.095109819	1.03240953	-0.182156729	-0.006696348	-0.117806813	-0.601980528	0.728231172	-0.289468972	-0.608973562	-0.994257928	-1.414781244	-1.88753252
PROS1	1.55486086	0.920350493	0.866593362	1.118298724	1.111063405	0.03315947	0.044718588	-0.480987602	-1.212197095	0.760987234	-0.49647156	-0.724398413	-0.755435298	-1.12619352	-1.614348646
HIRA	1.066540256	-0.760383137	2.72055844	-0.70185593	0.649110937	0.202965975	-0.420804678	-1.066632553	-0.62248321	-0.660016337	-0.801139947	0.464147212	-0.587054567	-0.218068675	0.735116214
MED12L	1.470583765	1.170412198	1.259412777	0.74841928	0.983850029	0.595837358	-1.162963183	-0.85869255	-0.568042517	-0.45359495	0.122591576	-0.222588824	-0.330789416	-0.923030006	-1.831405535
WDR33	0.932583038	1.136420246	1.460222394	0.963118158	0.983242413	-0.017208507	-0.100749828	-0.448416324	-0.133226162	0.589706048	-0.610401405	-0.683687884	-0.599213864	-1.675434962	-1.79695336
NPM1	1.915426405	1.051610243	-0.764529702	1.548405172	0.865978237	0.598114149	-1.127353355	-0.53088821	-0.577578961	-0.861734193	-0.55006486	0.495755014	-1.265890188	-0.260861656	-0.536388095
RNY4	1.106597018	1.258184612	1.151129699	1.023704103	1.018187646	-0.051248266	-0.187179934	-0.352502807	-0.055186176	0.450793558	-0.402581329	-0.620904493	-0.85040811	-1.573186165	-1.915399357
FAM184A	1.578178103	0.997482502	0.670988052	1.115005718	1.096969989	0.079953762	-0.308672498	-0.589701876	-1.105746109	1.04026846	-0.385578022	-0.841312471	-0.786662341	-1.047987049	-1.51318622
TIMM44	0.893908469	0.053387212	-0.10370408	1.942687889	0.361329681	1.727979529	-1.026880149	0.4291213	-0.94052506	-0.410292409	0.19372903	-1.42414062	-1.154898235	-0.749934209	0.208231653
CBR4	0.917921119	1.118121482	1.839927974	0.883209152	0.711302078	-0.034319332	-0.18561609	-0.442588621	-0.084040978	0.30081926	-0.598860083	-0.609979322	-0.345004862	-1.864923339	-1.605968439
FAM234B	0.893080395	0.82823812	2.385800834	0.381294093	0.75031617	0.337483812	-0.705970758	-0.734686658	-0.100234386	-0.684531833	-0.417471097	0.522270646	-0.981528409	-1.15216858	-1.321892349
LOC124904006	1.112667574	1.222486011	1.329470495	1.056391319	1.053116551	0.051347115	-0.304207998	-0.512630716	-0.086981362	0.497572617	-0.461367773	-1.111738448	-0.863225334	-1.589044707	-1.393855347
MCM10	-0.271667422	0.045657103	0.186578331	1.812673285	0.580392067	0.517545296	-0.162092461	-0.921630208	-0.492285108	-0.588764064	-0.70560246	-0.781231908	-1.040834778	-0.619746387	2.441008714
SLC15A4	1.182678492	0.836890092	-0.422295233	1.813850942	0.870226886	1.187794643	-0.896490043	0.12372035	0.155045021	0.004284851	-1.407000432	-1.271451962	-1.018893528	-0.820017436	-0.338342644
GCNT3	1.329029088	1.408259085	0.713282037	1.154520387	1.242227344	-0.047214052	-0.372776679	-0.168202006	-1.052694923	0.584978278	-0.463791099	-1.069741075	-0.627425918	-1.186627627	-1.44382284
CCNL1	0.942374338	1.207059262	1.389071583	0.992820364	1.006575279	0.039679226	-0.198808972	-0.463261162	0.084861282	0.346918616	-0.56105046	-0.567612752	-0.696170817	-1.666874168	-1.855581619
RXRB	0.985270256	1.223811151	1.350733391	0.999596164	1.018924068	0.045744582	-0.229592188	-0.458954468	0.092683207	0.30710005	-0.50589329	-0.59933242	-0.729511332	-1.634179795	-1.866399376
PARD3	1.110732166	1.640307426	0.766220497	1.280970656	1.17214064	0.033519822	-0.483133134	-0.425600097	-0.586993325	0.175237524	-0.047961518	-0.962202209	-0.899394398	-1.164799132	-1.609044919
SPINT1	-0.40551628	1.279384861	0.766661311	-1.09936699	1.141989979	2.390853	-0.27647308	0.217776178	-0.02358959	-0.27542661	-0.599754165	-0.897269596	-1.126955534	-0.271973091	-0.820340394
PTPN3	1.979744042	-0.233024573	-0.795682898	-0.141219322	2.383377965	0.004052973	0.45013122	-0.8674797	-0.116637411	-0.477071375	-0.123503942	-1.104463522	-0.291110796	-1.02422752	0.357114859
NFYB	0.963389286	0.916393968	2.144984277	0.440472424	0.837748735	0.418671927	-1.070227194	-0.630038543	-0.400676911	-0.713827567	-0.321252618	0.735284058	-0.971402941	-1.176316998	-1.173201905
ZNF436-AS1	0.878861304	1.167376992	1.934169207	0.83805926	0.794519493	-0.011149956	-0.314858942	-0.34430373	0.028404618	-0.167031428	-0.317861032	-0.305291161	-0.846541134	-1.474978891	-1.859374599
APMAP	-0.320600757	1.242622774	0.14294927	1.92676363	0.559631646	1.804196346	-0.860258785	0.012383939	-1.39450014	-0.099942918	-0.514700297	-0.620665929	-0.98280391	-0.034926365	-0.860148504
PACSIN1	1.430687553	1.269562409	0.373692026	1.037032184	1.076257061	0.09894912	0.051996359	-0.072746298	-1.486905053	0.663259077	0.031660491	-1.047587568	-1.036295898	-0.826002632	-1.563558833
CLK1	1.122690358	1.485415582	0.788073942	1.066638833	1.099619797	0.281862599	-0.367192517	-0.137526782	-0.466433	0.073089456	0.044463876	-0.992819893	-0.813508644	-1.150887784	-2.033485823
TICAM1	1.463588271	1.634554979	0.886154647	0.221200446	1.704377578	0.319644652	-1.042080064	-0.978048709	-0.753181775	-0.588883952	-1.100573137	-0.829166238	-0.335369176	-0.613921402	0.01170388
CPNE9	-0.663161222	-0.161613262	-0.663877124	1.164390667	0.716495264	2.849198605	-0.274170204	-0.427099698	-0.879362359	0.408200469	-0.854920003	0.406184584	-0.237216225	-0.681183425	-0.701866068
PLPPR4	2.622920642	1.121712746	-0.436152466	0.193554297	0.448259155	0.558605311	-0.821670218	-1.081333704	-0.410600972	-0.502949206	-0.204926638	-1.193202857	-0.939180326	-0.064575194	0.709539432
MIR376C	0.643193101	0.760355837	1.004310094	0.808617707	1.983696415	-0.476889313	-1.226774796	0.050982706	-1.220366905	0.406623031	0.674039144	-1.314688627	-0.469863158	-0.42430674	-1.198928494
CIB2	2.215292772	-0.429521328	1.055502201	0.416512618	1.108940128	1.138803587	-0.917769545	-0.526509807	-0.489174499	-1.394936876	0.031691572	-0.77874869	-1.042663133	-0.292448473	-0.094970527
THSD1	0.932386885	1.12389395	2.087845855	0.937331623	0.776166396	-0.015492999	-0.527560297	-0.451728912	-0.163104891	0.184000846	-0.699778176	-0.604011943	-0.743972212	-1.252279533	-1.583696592
SIK3	1.208515969	1.591955314	0.633045393	1.243387142	1.183807103	0.060141483	-0.121234158	-0.331915226	-0.897957317	0.050292689	0.02375128	-1.079096796	-0.809706781	-1.149394709	-1.605591386
LOC124909441	1.021880539	1.057457963	1.102322852	0.836345671	1.460289546	0.772510728	-0.811141141	-0.994862585	-1.308933867	-1.244067555	0.149341169	-1.166294597	0.316438999	-0.380285444	-0.811002276
LOC101929532	1.050563698	0.985850518	0.521421228	1.141722516	0.970791746	1.395920285	-0.904044794	-0.188523866	-1.40399868	-0.504355064	0.057872111	-1.257492088	-0.496553247	-1.582091993	0.212917631
LOC105377063	0.115635301	0.358156825	0.187877866	2.382142651	0.229925156	1.587788081	-0.13027968	-1.429784248	-0.92406383	0.04821009	-1.319693415	0.06735661	-0.928992617	-0.027142121	-0.217136667
LOC101928272	0.274153845	0.266550346	0.095339287	2.877597293	-0.215596962	1.138463056	-0.909732569	-0.752312439	-0.216134733	-0.945694204	-0.747782255	-0.231427102	-1.035455698	0.447181977	-0.04514984
CAVIN2	1.358909354	1.566263326	0.477594406	1.325990657	1.009156154	0.246231655	-0.956399232	-0.122014567	-0.731996007	0.196829345	-0.233775579	-1.317052957	-1.072461899	-0.297128281	-1.450146375
LOC107986922	-0.244362036	1.610314906	1.729166355	0.952925747	-0.426260238	1.559644973	0.558363815	-0.596099044	-0.426672343	-0.976632144	-1.022492577	-0.91075838	-0.656667795	-0.754063362	-0.396407878
LOC105372146	-0.345943074	1.026536909	1.706922587	1.052884739	0.76768584	1.381682854	0.422101891	-1.155738428	-1.081327955	-1.024961841	-0.501634366	0.2027455	-0.735899832	-1.223101763	-0.491953059
EHD2	1.054587257	1.576128972	0.600289645	1.155028014	1.184103775	0.447775741	-0.060717589	-0.288550426	-1.085057942	0.200610131	-0.178030623	-0.731834248	-1.061440357	-1.13079765	-1.682094701
ANKUB1	0.305454644	1.761066716	1.493940463	-0.461819308	0.068486549	2.116911594	-0.582500564	-0.406169334	-0.204941272	-1.033795776	-1.084702046	-0.309372069	-0.743339638	-0.382603359	-0.536616602
SLC16A14	0.630387169	1.698432732	0.912434851	1.758476011	0.793670897	0.42849722	-0.76188264	-0.383758478	-0.843393342	-1.180031612	0.115973332	-1.102410463	-0.250232955	-0.585964671	-1.230198051
DCST1	0.192980651	1.080454118	-0.69624295	2.059994224	0.840723441	1.857997038	-0.424368853	-0.216235997	-0.933810725	-0.881583037	-0.36843536	-0.819134982	-0.584601979	-0.186434331	-0.921301257
LINC01040	1.529346583	-0.766742839	0.772982644	0.860585736	2.500482387	-0.756868257	-0.413127869	-0.545892669	0.152797318	-0.302066132	-0.387844253	-0.182497622	-0.549663986	-1.038842716	-0.872648326
CNGA4	2.555313688	0.394648415	0.50156506	1.015933184	0.461306009	-0.415099659	0.737632797	-0.721711541	-1.131861255	-0.711278459	-1.121142694	0.400201069	-0.774122779	-0.411648976	-0.779734859
MIR3143	0.983893367	0.591106416	2.203907383	0.692179695	0.866980309	-1.234804263	-0.353158873	0.267676714	-1.171870972	0.265079579	-0.000560311	-0.550418241	-0.067367428	-1.335133135	-1.15751024
ASZ1	-0.182817086	1.312518497	1.815058863	0.151824683	1.716719798	1.14977064	-0.661979546	-1.21590507	-0.370139699	-0.571382556	-0.661022776	-0.99303843	-0.771753858	-0.37921936	-0.338634099
LINC02098	2.250865885	0.464385203	1.373623371	1.047587635	-0.240265143	0.727887741	-0.532460754	-0.406705121	-0.937109401	-0.887757343	-0.929279416	-0.827826748	-0.641053281	0.463470897	-0.925363524
LOC101928936	0.32943358	1.019603314	1.162346631	1.407072196	1.182947994	1.480433923	-0.640295314	-1.153892011	-1.080888701	-0.531521914	-0.065637787	-0.958534209	-0.75120665	-0.332210298	-1.067650754
C3orf80	3.062653629	0.208737012	0.081154862	1.028268256	0.361777898	-0.138860016	-0.340458557	0.302083789	-0.784788921	-0.734841514	-0.776727586	-0.676546024	-0.46157536	-0.358160912	-0.772716557
LY6G6F-LY6G6D	-0.118500854	1.640027737	1.769111408	0.091464822	1.16710231	1.232414143	-0.561500227	-1.080685158	-0.576486499	-0.941767884	-0.05249806	-0.873431053	-0.671790026	-1.157513291	0.134052632
ING2	2.140113769	-0.015904993	2.021340507	-0.433465454	1.383479458	-0.4376937	-0.283754971	-0.392828185	-0.245403258	-0.137817865	-0.783879156	-0.682350608	-0.426853784	-0.925145281	-0.779836481
C19orf47	0.14168944	-0.083620099	3.046842035	1.244777682	-0.087645451	-0.894320411	-0.383438671	0.05199757	0.133553602	-0.37830609	-0.718818562	-0.667840629	-0.024303061	-0.920237136	-0.460330218
UQCR11	1.789397967	1.181380294	1.067551026	1.797935831	-0.471287637	0.494424954	-0.49185892	-0.619935767	-0.974910952	-0.362848363	-0.966000105	-0.234245393	-0.644754795	-1.119412533	-0.445435606
LOC124902504	0.313207901	0.739215456	-0.585626324	2.192042302	1.733574493	0.806879549	-0.316282236	-0.897838743	-0.833199956	-0.784753031	-0.825454556	-0.726932046	0.386563665	-0.95706642	-0.244330054
CDR2	-0.697031251	0.340631023	-0.415010441	0.174372092	2.425292757	1.933545206	-0.91509071	0.075651005	-0.959733042	-0.738310786	-0.018560283	-0.772203384	-0.463938858	0.491212626	-0.460825955
LINC01521	1.731693669	1.206017195	1.626270482	0.378634481	0.435599258	1.062166355	-0.513266028	-1.055066144	-0.980017082	-0.92444521	-0.971098509	-0.858669717	-0.660645344	-0.334532577	-0.142640828
PRG2	-0.157610565	1.497140157	0.710755047	0.246431715	2.255170419	0.956255548	-0.363021242	-0.949549468	-0.881599017	-0.830736016	-0.873464152	-0.072959708	0.344528665	-1.011935781	-0.869405603
UROD	1.756643588	-0.608771065	2.137379729	1.312770766	0.381434179	-0.991430393	0.526605907	-0.790761009	-0.717931513	-0.666034259	-0.182004574	-0.60660308	-0.371168443	-0.474827296	-0.705302538
OR2M2	1.925535198	1.378701506	-0.521600208	0.226481296	-0.263635944	2.044813676	-0.291804992	-0.828769685	-0.760030121	-0.164883255	-0.75196108	-0.6519407	0.30136282	-0.894321303	-0.747947207
SELENBP1	-0.576735772	1.00429992	2.856069001	-0.735393048	-0.286284883	1.227860914	0.250051925	0.102547433	-0.645847631	-0.597425178	-0.637913875	-0.542891158	-0.364212207	-0.786137388	-0.267988052
ADO	-0.702830011	0.478426041	0.737683428	0.933947265	0.418372092	1.358632963	-0.394812764	-0.852475197	-0.77791883	-0.725423687	-0.769354408	-0.665653912	-0.496064367	-0.926952155	2.384423542
CDKN2D	-0.707624281	1.438625382	0.633608633	2.052046953	1.156549741	1.201073062	-0.305651329	-0.411274487	-0.776841943	-0.728795336	-0.769118326	-0.672203905	-0.4421598	-0.902963665	-0.765270701
LOC105379437	2.180680364	-0.049870831	0.193455759	1.791967704	1.192785749	0.621410886	-0.304925924	-0.857686142	-0.790289809	-0.740725541	-0.782314946	-0.682477654	-0.444161387	-0.549505007	-0.778343222
GMPPB	2.77081557	-0.542028339	1.189615397	-0.156637618	1.08125385	0.53015656	-0.042186496	-0.728510114	-0.65699997	-0.605901174	-0.648693783	-0.539589787	-0.208879218	-0.797845701	-0.644569176
LOC105373954	1.1344849	0.30504208	0.178036756	-0.66550835	0.289389571	3.123355195	-0.197418524	-0.649879292	-0.593237833	-0.552213773	-0.586603054	-0.504608598	-0.295108816	-0.402426531	-0.58330373