Gene ID	NCD1	NCD2	NCD3	NCD4	NCD5	NCD6	1442 ETV6	1874 ETV6	3399 Phlike	3701 ETV6	4353 phlike	4370 ETV6	4395 ETV6	4894 Phlike	BALL10 ETV6
LOC124904086	-0.62304582	-0.590002219	-0.484686319	-0.481688221	-0.694323594	-0.778102388	-0.321431623	0.807679073	-0.694491411	1.26095718	2.143053715	-0.587952286	0.084917029	-0.83871934	1.797836223
DUX4	-0.752435881	-0.716655775	-0.083234842	-0.920015996	-0.457924916	-1.087697993	1.49788412	-0.900118154	1.164808391	0.57952238	0.145511633	-0.714418966	2.014402767	-0.694655438	0.925028668
LOC107987393	-0.75094808	-0.715145554	-0.583413459	-0.915662211	-0.825439883	-1.077224217	2.106588305	0.984959293	1.748458948	-0.199595648	0.060555456	1.03785682	-0.47657163	-0.114901873	-0.279516267
NEPRO	-0.86851263	-0.82733512	-0.693758945	-0.727007201	-0.557757535	-0.666967258	1.632870284	2.413443803	-0.956369141	0.028677785	0.219527576	0.609248019	-0.624295199	0.333817832	0.684417729
MCM7	-1.032972791	-0.433222991	-0.032587256	-0.982500011	-0.633361422	-0.77040831	-0.235751221	-1.206391255	0.564827312	0.381810363	-0.065840158	1.719847664	1.840903603	-0.573334188	1.458980662
LOC105377803	-0.435991088	-1.019734156	-0.556981304	-0.563739749	-0.937617202	-0.934168717	0.599837238	-0.459991078	1.951371863	0.171052687	-0.073504876	2.178632323	0.656179632	-0.850608717	0.275263143
H4C3	-0.856203854	-1.12035862	-0.60623446	-0.016519489	-0.781731397	-1.316103144	-0.361425636	0.797311347	1.756499534	0.189552739	0.415741685	2.029665863	-0.901829259	0.316026601	0.455608086
BUB1	-0.834318361	-0.135738497	-1.009377017	-0.773955075	-0.972714538	-1.230557218	2.071398627	-0.372142507	-0.283742363	0.710787633	0.170292131	0.53278276	-0.106139049	0.287835635	1.94558784
WDR31	-1.045453233	-0.167724419	-0.859712886	-1.253284824	-0.406791886	-0.505113339	-0.155921878	1.151628782	-0.80763948	-0.717568649	1.273510648	0.983552854	2.234804513	0.205440955	0.070272842
MAPT	-0.498150164	-0.65717279	-0.468284649	-0.269026191	-0.857400738	-1.080116023	0.961199465	-0.260614228	1.585069501	0.567409178	-0.091724074	2.520166466	-0.48135993	-0.830316421	-0.139679401
ZNF124	-1.054790825	-0.352154352	-0.867858781	-0.973358153	-0.256393801	-0.655571193	-0.693117006	2.064649329	0.919954911	1.425394227	-0.559566836	1.493845543	0.249003756	-0.189029662	-0.551007158
CHURC1-FNTB	-1.166351175	-0.312110246	0.028256516	-1.008501698	-1.269890909	-0.612926623	1.235069537	0.226452863	1.274208759	-0.232645179	-0.681825305	2.002574832	1.032336046	-0.808815442	0.294168024
CIRBP	-0.764572592	-0.30185055	-0.258055078	-1.303676434	-1.14530298	-1.613854819	1.77481173	-0.158836741	0.934194206	0.895427537	0.566321269	1.177462542	-0.465907415	-0.237141013	0.900980337
LOC101927226	-0.930622524	-0.892029171	-0.136818599	-1.252297262	-0.626940948	-1.178428436	0.979968286	0.16920498	1.600971795	0.439144999	-0.561910452	1.515987243	1.504447392	-0.587719486	-0.042957816
POGK	-1.475955648	-1.055503909	-0.311966172	-0.744211242	-1.038517523	-1.151109057	1.341869282	0.758211776	0.909612417	0.704449284	-0.284083164	1.187825221	1.542502622	-0.259541154	-0.123582732
FBXO46	-1.196025669	-0.037989272	-0.074138552	-0.7832461	-1.295319368	-0.51814276	1.177116949	0.088054751	1.172148567	-0.254189289	-0.120866092	1.903962102	1.12538155	-1.476700615	0.289953798
LOC124902929	-0.849888722	-0.773167485	-1.091785487	-0.957063183	-0.501635373	-0.892607662	0.247694583	0.810291882	0.263284944	-0.357907094	1.356665217	0.43497495	2.553727662	-0.238584474	-0.003999757
TUBB	-1.090746193	-1.021593257	-0.488761883	-0.91430782	-0.256824339	-1.326513495	0.109319782	0.220825519	1.778850423	0.520943423	0.920593752	1.992682877	-0.342259266	0.412105717	-0.514315241
MIR193A	-1.004879359	-0.678394746	0.347675253	-0.735005969	-0.648623019	-1.246101602	-0.271202029	0.950075402	1.9534464	-0.048172896	-0.502247266	1.564378356	1.312657457	-0.800702568	-0.192903414
H4C2	-0.75941681	-0.043380789	-0.629428406	-0.445459508	-0.611544786	-1.375833022	1.157593041	-1.535806818	0.704448916	0.102561717	1.034477144	1.877390817	1.228884712	-0.378201678	-0.326284531
NBPF10	-0.688345564	-0.607227463	-0.335520442	-0.887570166	-0.750679745	-1.072344094	1.369680827	0.556178424	0.777235009	0.426893526	0.674113549	0.35581239	1.958948753	-1.775796298	-0.001378705
NBPF19	-0.438242577	-0.474801287	-0.557060009	-0.679924189	-0.865977839	-0.76554057	1.775338094	0.613381175	0.817662298	0.564942906	0.433918766	-1.034132631	2.054422154	-1.189548557	-0.254437733
NBPF14	-0.915778012	-0.202168731	-0.244447245	-0.893961442	-1.067568073	-0.914522955	1.461319152	0.655553179	0.836783832	0.325973382	0.503291652	-0.515526092	2.120939321	-1.360838131	0.210950163
ZNF853	-0.402800241	-0.287447479	-0.322161025	-0.518771293	-0.456446214	-0.513291653	0.790767122	0.037367359	2.173316447	0.105476611	-0.546237974	2.301281088	-0.651083016	-1.040843016	-0.669126716
LINC02941	-0.577916196	-0.448500222	-0.529648289	-0.324807679	-0.377920477	-0.414724308	0.632229103	0.040921838	2.210923813	0.016321539	-0.480670043	2.335559005	-0.888389153	-0.975492006	-0.217886925
H4C5	-0.414096509	-0.654717608	-0.183407623	-0.969327721	-0.389045369	-1.451944765	0.553170668	-1.172549349	1.488569813	0.056430133	0.928006072	2.232303615	-0.230830778	-0.313453596	0.520893017
CCDC66	-0.550554245	-0.96690266	-1.212700425	-0.839836736	-0.331554646	-0.569033131	2.498103358	-0.211666112	0.46913087	-0.609029197	-0.111263345	0.107437072	1.657491493	-0.03902186	0.709399564
JUP	0.097146302	-0.688967089	-0.85553137	-0.492605016	-0.527465263	-1.286234607	1.494280207	-0.141755225	1.914764262	0.239766966	-0.178128803	1.915404821	-0.545574791	-0.778435193	-0.166665203
LINC02237	-1.468147441	-1.416389224	-0.424304038	-0.870498846	-0.36160375	-0.637722299	1.106398507	0.513807486	0.647020714	-0.100732222	-0.752435173	2.121260241	1.080861498	0.117112434	0.445372114
PIK3CD	-0.760272719	-0.796661554	-0.526755942	-0.467551376	-0.735351998	-0.974032085	0.895571631	0.114862018	1.426083947	-0.644142211	-0.74053837	2.401836865	1.061622163	-0.302256058	0.047585689
HLA-B	-0.76833002	-0.849505439	-0.783625849	-0.45902988	-0.837832514	-1.137915885	1.207794394	0.471613185	1.144742725	0.075061398	0.179660079	1.230348455	1.975603054	-1.154942189	-0.293641513
LOC124904145	-0.550429514	-0.976038592	-0.13827665	-0.570293272	-0.925320648	-0.995006521	0.924628068	-0.226514521	1.848371628	-0.014370385	-0.387922587	1.659698654	1.545267587	-0.932551345	-0.261241903
CALCOCO2	-1.124034106	-1.035867952	-0.177278322	-0.964980549	-0.757569097	-0.672845591	1.926016085	-0.2453032	1.17191265	-0.522280801	-0.454291354	1.66063018	1.064231181	-0.210829174	0.342490051
NBPF20	-0.599205915	-0.012932401	-0.573125415	-1.096464189	-0.858466135	-0.889457944	1.472949243	0.696605733	0.912640916	0.815666237	0.314910067	-0.696808331	2.118627234	-0.986465258	-0.618473842
LOC124904139	-0.732755203	-1.022621885	-0.39913212	-0.486678534	-0.96534202	-1.319929412	0.929163722	-0.00599017	1.729882639	-0.021253685	-0.024103953	1.437566463	1.734961809	-0.583401867	-0.270365785
PDE7A	-0.756883893	-0.575591888	-0.636815304	-1.350000382	-1.203673873	-0.401419926	2.335538714	-0.141381749	0.504652656	-0.228928447	-0.117005647	0.373605542	1.682206262	-0.166381695	0.682079631
LOC101928166	-0.18586928	-0.863400778	-0.785779572	-1.724223807	-0.287885561	-1.655313856	-0.168114903	0.212858865	1.350021102	-0.256322692	1.297680699	0.665353848	1.528044974	0.403245324	0.469705637
LOC124904138	-0.819490435	-0.788585983	-0.267006271	-0.47336587	-0.962343488	-1.313772337	1.099448573	-0.11890306	1.752634128	-0.017989329	-0.184756082	1.325163378	1.76059717	-0.698991885	-0.292638509
ARFGAP3	-0.675215607	-1.228084726	-0.92851353	-0.729710178	-0.405471833	-0.913721413	2.185005468	-0.263118498	0.795072972	0.278198172	0.643574165	0.681577744	1.562592796	-0.136162872	-0.866022661
WDR74	-0.301044539	-0.85422081	-0.193459133	-0.437370639	-0.752733264	-1.091727882	0.761021279	-0.526882949	2.153202441	0.285629789	-0.277339494	2.115955625	0.358674512	-0.908462253	-0.331242683
RNU2-1	-0.54128998	-1.013971729	-0.371533492	-0.484143454	-0.831074379	-1.35068749	1.150549752	-0.038610002	1.725069093	-0.142205812	-0.098847775	1.387371589	1.702757115	-0.68517556	-0.408207878
LOC124904140	-0.601434206	-0.893363917	-0.337161651	-0.394463786	-1.038933099	-1.41626136	0.973638804	-0.111066561	1.735972275	-0.074787125	-0.044358886	1.369605607	1.764276279	-0.66802338	-0.263638994
LOC124904144	-0.698317819	-0.773148333	-0.329880036	-0.566894359	-0.935901247	-1.290844522	1.040196799	-0.112021488	1.714813111	0.117679986	-0.255836244	1.354824365	1.830990947	-0.688287945	-0.407373215
CAMK1D	-0.718726936	-0.620562074	-0.929233436	-0.927851472	-0.894406617	-0.6225124	2.347557341	-0.032218093	0.346225715	-0.300072048	-0.274453336	0.146801131	2.00048284	-0.114757244	0.59372663
GSKIP	-0.334273032	-0.606660114	-0.244624505	-0.972498228	-0.821987973	-0.819867358	1.223905697	0.6725841	1.256040129	-0.452571204	-0.571761361	-0.234965093	2.404204734	-1.006366469	0.508840678
LOC124904135	-0.643281864	-1.06822467	-0.183850736	-0.381662613	-0.758473384	-1.551829041	1.102170749	-0.024640917	1.728745998	-0.048250693	-0.176895614	1.245622638	1.718320607	-0.681047094	-0.276703364
LOC124904142	-0.594485499	-0.899464814	-0.242727875	-0.499521681	-0.886873966	-1.405593124	1.093367007	-0.114195449	1.711389481	-0.099466819	-0.148280323	1.377737515	1.766458564	-0.62680779	-0.431535227
LOC105371237	-0.229191936	-0.316651097	-0.845799992	-1.107823184	-0.923390809	-0.77758882	2.020958802	-0.19275102	-0.678323493	0.289585032	-0.354264069	1.591864233	1.75773638	-0.168240761	-0.066119267
LOC124904146	-0.459624401	-0.933881102	-0.288158864	-0.606919453	-0.864537893	-1.436469287	1.016430049	-0.041144869	1.732846742	-0.049423292	-0.185880369	1.318811069	1.809801044	-0.669047312	-0.342802062
LOC124904136	-0.612820444	-0.919358097	-0.348017081	-0.489767931	-0.706975064	-1.391961998	1.085527584	-0.06222811	1.768266142	-0.137010897	-0.097143754	1.358845576	1.746127762	-0.730961252	-0.462522435
LOC124904141	-0.539893508	-0.86911497	-0.110412178	-0.497333581	-1.01115832	-1.415615554	0.952614805	-0.097351561	1.759629728	-0.045352835	-0.242460484	1.355064471	1.784545437	-0.667928465	-0.355232985
LOC124904137	-0.584227048	-0.791823246	-0.267391373	-0.624743764	-0.834757175	-1.446848246	1.012867769	-0.078136397	1.770301366	-0.127991089	-0.062806147	1.422499439	1.710550945	-0.693083683	-0.404411352
LOC124904143	-0.359894953	-1.07850824	-0.233284396	-0.591583758	-0.916872462	-1.341074089	0.964053255	-0.05441154	1.777726412	-0.08387007	-0.219565026	1.423788184	1.713626736	-0.661364284	-0.338765769
TNFRSF1B	-0.475748767	-1.062928336	-0.110498784	-0.903919025	-1.155946475	-0.690928021	-0.666336359	0.633763052	1.578760894	-0.192186306	0.377330692	2.224890536	1.032996403	-0.67717305	0.087923546
FAM182A	-0.852451448	-0.679977222	-0.497539201	-1.040596201	-0.975835978	-0.790149371	2.212014816	-0.208095229	0.97951046	-0.515349673	-0.213150735	0.96959934	1.595297892	-0.31719165	0.333914199
FAM182B	-0.797917835	-0.658472786	-0.57257998	-1.005052416	-0.940646884	-0.86807132	2.207066206	-0.291479432	1.116925202	-0.560609008	-0.132324907	0.902275857	1.517288571	-0.344349376	0.427948109
LOC100132077	-0.646844585	-0.475098301	-0.788531305	-1.189373165	-0.632983905	-0.930520767	2.270856789	-0.350836839	0.846083221	-0.687577345	-0.218915511	0.799841346	1.563172198	-0.201626078	0.642354248
SH3TC2-DT	-0.519027959	-1.430543022	-0.576260486	-0.545380261	-1.156013528	-0.832612811	1.817502915	-0.29991429	0.988948645	-0.336247953	0.486231144	0.608303149	1.96803724	-0.238316355	0.065293573
ZNF782	-0.65592785	-0.782523321	-1.047862483	-0.849227862	-0.680686	-0.775890091	2.403334668	-0.187315886	0.795821118	-0.521310817	-0.292483681	0.554716954	1.535716365	-0.237140623	0.740779507
LIN7A	-0.692372005	-0.708509737	-1.087490509	-0.868581204	-0.714945224	-0.764208058	2.092703632	-0.517768412	0.521470343	-0.48091018	-0.23633634	0.750839044	1.947199854	0.118174676	0.640734121
LCK	-1.133172077	-1.236420488	-0.00047659	-0.468497307	-0.905101932	-1.216833986	1.940519437	0.389554147	0.729955114	-0.561244097	0.002488626	0.839902755	1.714274455	-0.403785819	0.308837761
LOC101928437	-0.452995964	-0.915227406	-0.775536768	-0.541699307	-1.049635052	-0.962446821	2.437105191	0.00695398	0.371048648	-0.225743805	-0.057133773	0.079362778	1.850032019	-0.354293667	0.590209947
RUBCNL	-0.849981603	-0.565367194	-0.765366206	-0.763606546	-0.974204075	-1.460118968	1.085221112	0.164411599	0.957521669	-0.467871817	-0.172093338	1.560249474	1.720876196	-0.36787062	0.898200316
MSH3	-1.001780751	-0.621555278	-0.062227754	-0.936836635	-0.837788077	-0.845129481	1.845035839	-0.44180481	1.629608627	-0.386611138	-0.53978957	1.637727071	0.815758647	-0.471249641	0.216642951
CNIH3	-0.319844458	-0.830344821	-0.876374744	-0.896691224	-0.876981954	-1.150639852	2.285052934	0.230854914	0.834359653	-0.052682904	-0.682282167	1.066760843	1.274921818	-0.41563454	0.4095265
KLHL4	-0.459985117	-0.768445109	-0.496008025	-0.969665074	-0.879190941	-1.049052212	2.290063358	-0.25339893	0.731443577	-0.243031029	-0.175349204	0.866256266	1.759385351	-0.561591048	0.208568138
TIMMDC1	-1.381268249	-1.250712759	-0.259240342	-1.317442703	-0.234937878	-0.80138942	1.643641634	0.002116078	0.384767659	0.66330424	-0.052613572	1.275076995	1.650432558	-0.569327274	0.247593034
MIPOL1	-0.525036446	-0.862483933	-1.132515098	-0.721051768	-1.067050262	-0.813290211	2.319493701	-0.54445016	0.83966966	-0.472571565	0.176291565	1.020737537	1.169081464	0.037012696	0.576162819
RFX1	-0.563198678	-0.685556645	-0.946602928	-0.742881962	-1.058177554	-1.054182384	2.359697603	-0.046720537	0.547188913	-0.287875916	0.144852368	0.978857701	1.437378192	-0.557420948	0.474642776
MAGI2	-0.632896984	-0.749960928	-0.704595079	-0.879489999	-1.081210332	-0.970947194	2.186412948	-0.089820437	0.866381026	-0.482837136	0.000521282	0.686898477	1.725896022	-0.397953004	0.523601339
CDH7	-0.859725894	-0.616574073	-1.106447106	-0.51942609	-0.750409388	-1.030433791	1.731546401	0.446728655	1.011448271	-0.357755184	-0.564544218	0.669400639	2.048187764	-0.523149023	0.421153037
EMILIN2	-1.966542342	-0.538693195	-0.641292163	-0.357144802	-0.928952506	-1.024831368	1.053850794	1.507055376	-0.292679352	0.586158781	0.086187327	1.337438777	0.29151736	1.251447227	-0.363519914
IGH	0.9089673	0.683234523	2.48947751	0.515691653	0.752521569	0.18810791	-0.322144011	-0.579099407	-0.382240376	-0.825716407	-0.175216278	0.094723513	-1.747473857	-0.808755425	-0.792078216
UNC79	1.673674453	1.100292126	1.095529987	0.938081522	1.040593796	-0.06287716	-0.950968168	-1.083166249	-1.677204416	0.488050635	-0.617124029	-0.838129522	-0.345949943	-0.064168708	-0.696634324
PLCE1	1.552303858	1.050961831	1.202978236	1.046850447	0.970105355	-0.161094541	-0.042199881	-0.459038121	-1.021354123	0.395647088	-0.795787751	-0.715928553	-0.054168136	-1.541474384	-1.427801325
HDAC9	1.44096352	1.481386386	0.597687844	1.30421478	1.135917375	-0.450559747	-0.327366883	-0.00132544	-0.834936719	0.200120199	-0.179053972	-0.612080745	-0.91183219	-1.258145662	-1.584988746
ATP10A	1.31857657	1.261469924	1.074585857	1.046235959	1.084543406	-0.067629037	-0.093921223	-0.095979373	-0.571979613	0.396559917	-0.541635858	-0.794252308	-0.825951383	-1.452125565	-1.738497274
ATP5MC3	1.191028805	1.007346356	1.102750391	1.030549328	1.211012469	-0.080561513	-0.171760379	-0.46286845	-0.479740729	0.544737875	-0.44494909	-0.798937996	-0.13218799	-1.692727434	-1.823691643
PROS1	1.55486086	0.920350493	0.866593362	1.118298724	1.111063405	0.03315947	0.044718588	-0.480987602	-1.212197095	0.760987234	-0.49647156	-0.724398413	-0.755435298	-1.12619352	-1.614348646
MED12L	1.470583765	1.170412198	1.259412777	0.74841928	0.983850029	0.595837358	-1.162963183	-0.85869255	-0.568042517	-0.45359495	0.122591576	-0.222588824	-0.330789416	-0.923030006	-1.831405535
WDR33	0.932583038	1.136420246	1.460222394	0.963118158	0.983242413	-0.017208507	-0.100749828	-0.448416324	-0.133226162	0.589706048	-0.610401405	-0.683687884	-0.599213864	-1.675434962	-1.79695336
RNY4	1.106597018	1.258184612	1.151129699	1.023704103	1.018187646	-0.051248266	-0.187179934	-0.352502807	-0.055186176	0.450793558	-0.402581329	-0.620904493	-0.85040811	-1.573186165	-1.915399357
CBR4	0.917921119	1.118121482	1.839927974	0.883209152	0.711302078	-0.034319332	-0.18561609	-0.442588621	-0.084040978	0.30081926	-0.598860083	-0.609979322	-0.345004862	-1.864923339	-1.605968439
FAM234B	0.893080395	0.82823812	2.385800834	0.381294093	0.75031617	0.337483812	-0.705970758	-0.734686658	-0.100234386	-0.684531833	-0.417471097	0.522270646	-0.981528409	-1.15216858	-1.321892349
LOC124904006	1.112667574	1.222486011	1.329470495	1.056391319	1.053116551	0.051347115	-0.304207998	-0.512630716	-0.086981362	0.497572617	-0.461367773	-1.111738448	-0.863225334	-1.589044707	-1.393855347
GCNT3	1.329029088	1.408259085	0.713282037	1.154520387	1.242227344	-0.047214052	-0.372776679	-0.168202006	-1.052694923	0.584978278	-0.463791099	-1.069741075	-0.627425918	-1.186627627	-1.44382284
CCNL1	0.942374338	1.207059262	1.389071583	0.992820364	1.006575279	0.039679226	-0.198808972	-0.463261162	0.084861282	0.346918616	-0.56105046	-0.567612752	-0.696170817	-1.666874168	-1.855581619
RXRB	0.985270256	1.223811151	1.350733391	0.999596164	1.018924068	0.045744582	-0.229592188	-0.458954468	0.092683207	0.30710005	-0.50589329	-0.59933242	-0.729511332	-1.634179795	-1.866399376
PARD3	1.110732166	1.640307426	0.766220497	1.280970656	1.17214064	0.033519822	-0.483133134	-0.425600097	-0.586993325	0.175237524	-0.047961518	-0.962202209	-0.899394398	-1.164799132	-1.609044919
NFYB	0.963389286	0.916393968	2.144984277	0.440472424	0.837748735	0.418671927	-1.070227194	-0.630038543	-0.400676911	-0.713827567	-0.321252618	0.735284058	-0.971402941	-1.176316998	-1.173201905
ZNF436-AS1	0.878861304	1.167376992	1.934169207	0.83805926	0.794519493	-0.011149956	-0.314858942	-0.34430373	0.028404618	-0.167031428	-0.317861032	-0.305291161	-0.846541134	-1.474978891	-1.859374599
CLK1	1.122690358	1.485415582	0.788073942	1.066638833	1.099619797	0.281862599	-0.367192517	-0.137526782	-0.466433	0.073089456	0.044463876	-0.992819893	-0.813508644	-1.150887784	-2.033485823
TICAM1	1.463588271	1.634554979	0.886154647	0.221200446	1.704377578	0.319644652	-1.042080064	-0.978048709	-0.753181775	-0.588883952	-1.100573137	-0.829166238	-0.335369176	-0.613921402	0.01170388
CIB2	2.215292772	-0.429521328	1.055502201	0.416512618	1.108940128	1.138803587	-0.917769545	-0.526509807	-0.489174499	-1.394936876	0.031691572	-0.77874869	-1.042663133	-0.292448473	-0.094970527
THSD1	0.932386885	1.12389395	2.087845855	0.937331623	0.776166396	-0.015492999	-0.527560297	-0.451728912	-0.163104891	0.184000846	-0.699778176	-0.604011943	-0.743972212	-1.252279533	-1.583696592
SIK3	1.208515969	1.591955314	0.633045393	1.243387142	1.183807103	0.060141483	-0.121234158	-0.331915226	-0.897957317	0.050292689	0.02375128	-1.079096796	-0.809706781	-1.149394709	-1.605591386
LOC124909441	1.021880539	1.057457963	1.102322852	0.836345671	1.460289546	0.772510728	-0.811141141	-0.994862585	-1.308933867	-1.244067555	0.149341169	-1.166294597	0.316438999	-0.380285444	-0.811002276
LOC101929532	1.050563698	0.985850518	0.521421228	1.141722516	0.970791746	1.395920285	-0.904044794	-0.188523866	-1.40399868	-0.504355064	0.057872111	-1.257492088	-0.496553247	-1.582091993	0.212917631
CAVIN2	1.358909354	1.566263326	0.477594406	1.325990657	1.009156154	0.246231655	-0.956399232	-0.122014567	-0.731996007	0.196829345	-0.233775579	-1.317052957	-1.072461899	-0.297128281	-1.450146375
EHD2	1.054587257	1.576128972	0.600289645	1.155028014	1.184103775	0.447775741	-0.060717589	-0.288550426	-1.085057942	0.200610131	-0.178030623	-0.731834248	-1.061440357	-1.13079765	-1.682094701
SLC16A14	0.630387169	1.698432732	0.912434851	1.758476011	0.793670897	0.42849722	-0.76188264	-0.383758478	-0.843393342	-1.180031612	0.115973332	-1.102410463	-0.250232955	-0.585964671	-1.230198051
ASZ1	-0.182817086	1.312518497	1.815058863	0.151824683	1.716719798	1.14977064	-0.661979546	-1.21590507	-0.370139699	-0.571382556	-0.661022776	-0.99303843	-0.771753858	-0.37921936	-0.338634099
LOC101928936	0.32943358	1.019603314	1.162346631	1.407072196	1.182947994	1.480433923	-0.640295314	-1.153892011	-1.080888701	-0.531521914	-0.065637787	-0.958534209	-0.75120665	-0.332210298	-1.067650754
LY6G6F-LY6G6D	-0.118500854	1.640027737	1.769111408	0.091464822	1.16710231	1.232414143	-0.561500227	-1.080685158	-0.576486499	-0.941767884	-0.05249806	-0.873431053	-0.671790026	-1.157513291	0.134052632
C19orf47	0.14168944	-0.083620099	3.046842035	1.244777682	-0.087645451	-0.894320411	-0.383438671	0.05199757	0.133553602	-0.37830609	-0.718818562	-0.667840629	-0.024303061	-0.920237136	-0.460330218
UQCR11	1.789397967	1.181380294	1.067551026	1.797935831	-0.471287637	0.494424954	-0.49185892	-0.619935767	-0.974910952	-0.362848363	-0.966000105	-0.234245393	-0.644754795	-1.119412533	-0.445435606
CDR2	-0.697031251	0.340631023	-0.415010441	0.174372092	2.425292757	1.933545206	-0.91509071	0.075651005	-0.959733042	-0.738310786	-0.018560283	-0.772203384	-0.463938858	0.491212626	-0.460825955
LINC01521	1.731693669	1.206017195	1.626270482	0.378634481	0.435599258	1.062166355	-0.513266028	-1.055066144	-0.980017082	-0.92444521	-0.971098509	-0.858669717	-0.660645344	-0.334532577	-0.142640828
ADO	-0.702830011	0.478426041	0.737683428	0.933947265	0.418372092	1.358632963	-0.394812764	-0.852475197	-0.77791883	-0.725423687	-0.769354408	-0.665653912	-0.496064367	-0.926952155	2.384423542
CDKN2D	-0.707624281	1.438625382	0.633608633	2.052046953	1.156549741	1.201073062	-0.305651329	-0.411274487	-0.776841943	-0.728795336	-0.769118326	-0.672203905	-0.4421598	-0.902963665	-0.765270701
LOC105373954	1.1344849	0.30504208	0.178036756	-0.66550835	0.289389571	3.123355195	-0.197418524	-0.649879292	-0.593237833	-0.552213773	-0.586603054	-0.504608598	-0.295108816	-0.402426531	-0.58330373